0 327
0 1452
1 2933
1 158
2 1277
2 583
3 1095
3 64
4 3018
4 467
5 1556
5 651
6 2174
6 2423
7 1991
7 108
8 1631
8 3317
9 2982
9 1007
10 1097
10 839
11 1166
11 2034
12 677
12 150
13 1894
13 1901
14 1248
14 146
15 2359
15 2275
16 616
16 2416
17 2150
17 879
18 2245
18 3278
19 3308
19 1338
20 3150
20 1485
21 987
21 1667
22 1762
22 1506
23 1490
23 268
24 3286
24 2027
25 1399
25 2331
26 2153
26 395
27 2785
27 2023
28 2657
28 1678
29 1918
29 3014
30 532
31 170
31 882
32 1416
32 203
33 1250
33 2461
34 1300
34 2641
35 2130
35 89
36 1920
36 763
37 1745
37 232
38 2680
38 2446
39 105
39 1412
40 237
40 631
41 461
41 1059
42 2024
42 2862
43 1915
43 1759
44 2012
44 1845
45 2188
45 939
46 656
46 1047
47 2900
48 314
48 1812
49 2894
49 2994
50 2529
50 358
51 453
51 311
52 1114
52 274
53 2291
53 799
54 1822
54 2378
55 1011
55 2330
56 808
56 2608
57 3096
57 2589
58 284
58 2009
59 236
59 2826
60 925
60 916
61 169
61 350
62 2656
62 1817
63 835
63 1053
64 1095
65 2686
65 2630
66 1062
66 1882
67 671
67 1960
68 2411
68 829
69 157
69 3200
70 782
70 991
71 328
71 660
72 717
72 2702
73 2949
73 1779
74 1458
74 2972
75 1300
76 2644
76 2530
77 2803
77 1075
78 2043
78 1687
79 1102
79 2089
80 359
80 3029
81 1527
81 558
82 2980
82 2039
83 3318
83 2447
84 2269
84 215
85 2893
85 2564
86 2258
86 1857
87 2918
87 2215
88 583
88 3084
89 2130
90 2784
90 123
91 2313
91 878
92 3253
92 379
93 1613
93 1111
94 2793
94 1192
95 2332
95 1551
96 119
96 1322
97 2572
97 902
98 386
98 2511
99 2017
99 2045
100 2158
100 1810
101 1085
101 852
102 1639
102 1748
103 487
103 2130
104 3274
105 2698
105 1412
106 1246
106 2776
107 3091
107 919
108 2109
109 761
109 427
110 1704
110 2269
111 1896
111 251
112 2280
112 1249
113 3121
113 962
114 1028
114 2074
115 1466
115 2162
116 728
116 3310
117 1010
117 1472
118 1934
118 1522
119 3134
120 3111
120 1650
121 736
121 3137
122 827
122 2421
123 1381
124 2343
124 2626
125 1633
125 831
126 333
126 1446
127 2003
127 143
128 1156
128 672
129 2777
129 798
130 749
130 1364
131 1633
132 2721
133 1899
133 2798
134 1557
134 874
135 376
135 1912
136 453
136 2887
137 2991
137 1122
138 1533
138 493
139 2031
139 1858
140 1547
140 1713
141 1485
141 2683
142 1455
142 1002
144 1398
144 1399
145 1978
145 3121
146 1248
147 1725
147 428
148 1222
148 1770
149 957
149 348
150 677
151 2519
151 1875
152 1587
152 1429
153 3116
153 856
154 798
155 922
155 2776
156 3084
156 1334
157 2309
157 1178
158 2933
159 2346
159 465
160 926
160 934
161 3070
161 2003
162 1962
162 1680
163 3182
163 2862
164 1389
164 2317
165 1802
165 2760
166 1530
166 3101
167 2900
167 2909
168 1334
168 372
169 1484
170 1222
171 1694
171 689
172 2321
172 2322
173 738
173 3148
174 2099
174 1289
175 718
175 2941
176 2750
176 465
177 1971
177 2442
178 3154
178 2251
179 688
179 2092
180 351
180 2639
181 495
181 2825
182 2800
182 1113
183 1841
183 2588
184 1871
184 1825
185 3278
186 2237
186 2883
187 1484
187 2113
188 266
188 2619
189 1802
189 1557
190 1782
190 2693
191 1927
191 1390
192 1152
192 596
193 1024
193 572
194 870
194 397
195 3202
195 781
196 2936
196 2629
197 522
197 1830
198 688
198 1521
199 1476
199 2317
200 2064
200 3086
201 1144
201 2381
202 900
202 1594
203 1416
204 1348
204 2855
205 2835
205 212
206 1546
206 772
207 2860
207 270
208 2170
208 218
209 364
209 399
210 2837
210 3183
211 2980
211 1444
212 2835
212 2296
213 1499
213 2064
214 1568
214 2485
215 809
216 580
217 422
217 1319
218 2966
218 2706
219 1947
219 2254
220 1034
220 493
221 273
221 1481
222 1694
222 689
223 3171
223 1008
224 2834
224 2139
225 1528
225 3036
226 1151
226 1847
227 2551
227 2619
228 1410
228 1233
229 2023
229 2785
230 3313
230 1977
231 1070
231 892
232 333
233 719
233 2738
234 3215
234 2993
235 256
235 1440
236 3111
237 3308
238 918
238 735
239 2057
239 1249
240 2175
241 1471
242 2519
242 2299
243 1456
243 1025
244 2368
244 1808
245 1754
245 2359
246 2829
246 2564
247 1031
247 2126
248 1934
248 513
249 2567
249 2568
250 1211
250 1001
251 1569
252 2240
252 927
253 3004
253 3249
254 3248
254 1822
255 1100
255 1928
256 2483
257 3151
257 1456
258 2128
258 2829
259 1896
259 1055
260 2350
261 1698
261 1361
262 1125
262 1597
263 737
263 2277
264 3297
265 2220
265 2452
266 3298
266 1809
267 749
267 551
268 3324
269 2499
269 370
270 2423
271 2269
272 2765
272 2764
273 1481
273 2645
274 3263
275 1159
275 2754
276 2567
276 2568
277 2237
277 2881
278 760
278 2469
279 907
279 1994
280 2862
280 453
281 720
281 1035
282 3041
282 3308
283 3252
283 1045
284 2009
285 1418
285 2066
286 1466
286 2674
287 1598
287 3308
288 2252
288 1361
289 2181
289 775
290 2500
290 2701
291 873
291 1433
292 594
292 1344
293 2771
293 1585
294 3150
294 478
295 1678
295 3061
296 353
296 1226
297 1094
297 513
298 680
298 2089
299 1507
299 1057
300 1221
300 383
301 1873
301 2267
302 2064
302 686
303 1895
303 1508
304 2025
304 494
305 2547
305 2929
306 1451
306 657
307 1157
307 2234
308 1151
308 1204
309 1119
309 1577
310 1878
310 2937
311 2596
311 1755
312 470
312 2026
313 3128
313 2103
314 2418
314 2416
315 369
315 580
316 1930
316 2932
317 1033
317 411
318 717
318 3311
319 2220
320 2408
320 2962
321 3083
321 2227
322 2224
322 1879
323 482
323 942
324 3013
325 330
325 3184
326 3085
326 1311
327 3025
327 1382
328 660
329 2517
329 2617
330 3184
331 1709
331 1083
332 3215
333 2780
334 1676
334 659
335 2804
335 1088
336 1180
336 1058
337 1075
337 3060
338 1227
339 2163
339 920
340 3034
340 1622
341 1714
341 1869
342 2497
342 2920
343 2192
343 1773
344 3289
344 2238
345 669
345 809
346 2064
346 1580
347 1591
347 1064
349 1929
349 1043
350 1877
350 1668
351 2639
352 2429
352 2879
353 2889
353 1222
354 3006
355 2972
355 1121
356 2450
356 442
357 1373
357 2350
358 971
359 3029
360 388
360 2912
361 2360
361 1517
362 2554
362 2338
363 2115
363 2474
364 399
365 630
365 1593
366 3323
366 572
367 2966
368 1905
368 1993
369 580
370 2499
371 1369
371 1746
372 1334
373 1117
373 912
374 1411
374 1726
375 2710
375 1569
376 1691
377 2650
377 2070
378 2500
378 1138
379 3253
380 2155
380 1628
381 2957
381 2956
382 2100
382 2353
383 1085
383 989
384 2202
384 2699
385 646
385 1700
386 2511
387 736
387 2399
388 2115
388 2444
389 2111
389 2990
390 2105
390 600
391 2440
391 2995
392 1565
392 1656
393 2457
393 956
394 1333
394 1986
396 2887
396 744
397 1522
398 1702
398 2947
399 1991
400 956
400 1564
401 2740
401 2741
402 2413
402 2439
403 2393
403 3185
404 2706
404 438
405 1477
406 684
406 733
407 2967
407 2688
408 3092
408 1664
409 1529
409 2988
410 1990
410 656
411 1033
412 1449
413 2519
413 450
414 1761
414 1128
415 1146
415 2533
416 2253
416 1417
417 2578
417 670
418 980
418 2873
419 476
419 1102
420 1504
420 1933
421 3010
421 1094
422 1603
422 2867
423 3149
423 1097
424 2919
424 2171
425 2414
425 1081
426 2887
426 1086
427 2559
428 1725
429 707
430 2913
430 1656
431 600
431 2352
432 1762
432 2669
433 2868
433 453
434 827
434 1591
435 1670
435 1665
436 2873
436 2317
437 2558
437 2922
438 2706
439 985
439 2011
440 3047
440 1303
441 2501
441 2812
442 1842
442 2448
443 2406
443 857
444 1494
444 693
445 2422
445 2201
446 1296
446 1222
447 1667
447 3248
448 1361
448 1090
449 2067
449 1922
450 1532
451 2217
451 930
452 2218
452 1654
453 3115
453 2782
454 3000
454 2291
455 1565
455 1656
456 1598
456 2227
457 1366
457 1377
458 2431
458 2358
459 576
460 1635
460 1663
461 2445
462 3318
462 3166
463 2904
463 904
464 1292
464 1136
465 2661
466 1359
466 3138
467 2945
468 2101
469 624
469 2262
471 1676
471 713
472 1551
472 3274
473 2550
473 2202
474 3202
474 3017
475 2496
476 2602
476 1102
477 1662
477 2127
478 1280
479 1715
479 3105
480 1370
480 571
481 516
481 1216
482 3276
482 938
483 2624
483 2623
484 2612
484 1210
485 1052
486 509
486 3308
487 3304
487 699
488 2015
488 1179
489 2832
489 2258
490 1207
491 2286
491 3164
492 627
492 2839
493 2151
493 2821
494 2025
495 2475
495 2825
496 933
496 861
497 1779
497 832
498 600
499 788
499 2274
500 3249
500 1809
501 2330
501 1011
502 1840
503 823
503 589
504 865
504 2578
505 1609
505 2548
506 2694
508 1809
508 2180
509 3228
509 2891
510 2826
510 2827
511 2376
511 625
512 2605
512 611
514 2810
514 2809
515 1383
515 3299
516 2610
516 1280
517 2131
518 2057
518 1718
519 3146
519 3147
520 1446
520 1584
521 620
521 964
522 1830
523 2349
523 1840
524 1537
524 2788
525 1501
525 681
526 3314
526 638
527 2664
527 2047
528 2097
528 3073
529 2577
529 1499
530 973
530 3312
531 2185
531 1437
532 1843
533 2690
533 2691
534 1174
534 1263
535 946
535 2402
536 2446
536 2908
537 2172
537 2000
538 1568
538 623
539 830
539 697
540 771
540 555
541 738
542 2295
542 1020
543 2783
543 2165
544 1532
544 2302
545 1854
546 3277
546 2423
547 2734
548 2565
548 1668
549 1238
549 2566
550 2903
550 2631
551 1195
552 3245
552 2149
553 2700
553 2677
554 786
554 1790
555 1945
556 3198
556 2221
557 2151
558 1527
559 1901
561 2580
561 2581
563 2154
563 1939
564 3216
564 3048
565 2369
565 2434
566 1410
566 2515
567 2486
567 3221
568 3023
568 1839
569 1426
569 573
570 2914
570 1786
572 1379
573 1426
574 2571
574 1518
575 2605
575 2208
576 2099
577 2100
578 2790
578 2186
579 674
579 1410
581 1189
581 2793
582 3215
582 2189
583 2384
584 1039
584 2531
585 1118
585 2398
586 1377
587 1449
588 1275
589 2587
589 3283
590 1233
590 2206
591 2414
591 1527
592 2417
592 2571
593 1213
593 2438
594 1344
594 2917
595 3216
595 1701
596 1152
597 1762
597 3174
598 3111
598 3176
599 2359
599 2897
600 2105
602 2543
602 1858
603 1471
603 682
604 727
604 692
605 1485
605 2683
606 1090
606 930
607 2869
607 1143
608 2889
608 2119
609 2839
609 1006
610 3317
610 771
611 2605
612 684
612 1316
613 2603
613 1667
614 1538
614 849
615 3211
615 1113
616 912
617 619
618 2103
619 626
620 2605
620 1987
621 1790
622 1605
623 632
624 865
624 3153
625 1692
626 1028
626 2414
627 2936
627 1128
628 1274
628 3323
629 2577
629 2092
630 1751
631 768
633 1470
634 782
635 1529
635 1370
636 961
636 3144
637 2440
637 808
638 2218
639 747
639 2566
640 1252
640 1147
641 751
641 1446
642 3120
643 2887
643 1741
644 895
644 2282
645 2778
645 1092
646 2800
646 720
647 1437
648 1059
648 2573
649 808
649 2450
650 2356
650 2584
651 727
653 3311
654 2009
654 1741
655 3201
655 3200
656 1783
657 1360
657 658
658 1922
659 2946
661 2638
662 2012
663 2386
663 756
664 2438
664 1203
665 2260
665 2698
666 2138
666 1487
667 1530
668 2852
668 2387
669 2630
670 2845
671 1960
672 1738
672 1156
673 1293
673 3261
675 1222
675 1755
676 2496
677 1275
678 1449
678 2817
679 1043
679 2498
680 2293
681 1501
682 2954
683 1903
683 1542
684 2999
684 1006
685 3313
685 2042
686 2868
686 2021
687 3200
688 2436
689 1694
690 2948
690 2939
691 2396
691 2823
693 2655
694 2262
694 3294
695 1682
696 2358
696 2352
697 3106
698 2453
699 1719
700 2269
700 902
701 1905
701 2374
702 2928
702 2772
703 2269
704 737
705 3193
705 1947
706 2773
706 1784
707 1939
708 1568
708 1808
709 1703
709 2795
710 2754
710 2086
711 3102
711 3103
712 1792
713 2588
714 943
714 3069
715 2405
715 2404
716 2776
717 2702
718 824
718 906
719 1494
719 2759
720 3123
720 2873
721 1679
721 2952
722 2862
722 3107
723 2796
723 1720
724 982
724 1740
725 2348
725 1144
726 898
727 1242
728 1218
728 1186
729 2750
730 2985
730 1529
731 2385
731 2310
732 1250
734 2516
734 1651
735 1473
736 3294
736 2463
737 2422
739 1529
739 2986
740 742
740 1416
742 1416
743 1074
744 2235
745 2398
746 3028
746 2422
747 803
747 1723
748 2373
748 1619
749 3060
750 900
750 1065
751 1446
752 3146
752 782
753 3093
753 1947
754 906
754 2893
755 2488
755 1214
756 2386
757 1289
757 1420
758 2795
759 2723
759 2862
760 1555
761 2375
762 2816
762 2430
764 1264
764 976
765 985
765 1508
766 1868
766 1186
767 1153
767 3230
768 1956
768 1473
769 1843
769 1866
770 2647
770 1591
771 2911
772 2958
772 1546
773 2405
773 2264
774 3299
775 2784
776 1915
777 1311
778 893
778 2296
779 2618
779 2498
780 1930
780 1387
781 3285
781 2793
782 1216
782 3146
783 2835
783 2534
784 3109
784 3113
785 3161
785 1397
786 2793
786 900
788 3262
789 3176
789 3177
790 3026
790 1000
791 2309
791 2333
792 3131
793 995
793 916
794 1405
794 1357
795 2308
795 2533
796 2196
797 1726
797 2368
798 1304
799 2797
801 1391
801 2756
802 1854
802 1573
803 1723
804 939
804 1776
805 1561
806 2938
806 2787
807 941
807 1219
808 3294
808 2562
810 1913
811 3265
811 1792
812 2602
813 2020
814 1108
815 2069
815 3211
816 2427
816 2426
817 951
817 1638
818 2356
818 2633
819 2734
819 1455
820 2464
820 1388
821 2220
821 1964
822 1522
822 928
823 1456
823 2317
824 3091
825 2877
825 3161
826 1463
826 1458
827 2147
828 2537
829 1266
829 3273
830 2135
830 2692
831 2396
832 2445
833 3011
833 1739
834 1328
834 2935
835 2181
835 2238
836 2505
836 2136
837 2589
838 3260
838 1142
839 2487
840 1560
840 2477
841 3240
841 1459
842 1963
843 2579
843 2551
844 1154
845 2593
846 1931
846 1728
847 1429
847 1399
848 2922
848 3151
849 1747
850 2878
850 3190
851 2172
851 929
852 2317
853 2252
853 3232
854 1207
854 1247
855 1860
855 1956
856 1780
857 2406
858 2321
858 881
859 2391
859 1678
860 3296
860 2497
861 1905
862 1269
862 2895
863 1360
864 1091
864 2874
865 1836
865 2578
866 2071
866 3239
867 3308
867 2039
868 3182
868 1508
869 1684
869 1436
870 2686
871 1042
871 1001
872 3083
872 1665
873 3064
873 3225
874 2862
875 2286
875 2797
876 2581
876 1180
877 1379
877 1155
878 1665
879 2150
880 2013
880 3313
881 2698
881 2228
882 2246
883 1227
884 2512
884 1172
885 1062
886 1872
886 2182
887 1327
887 1644
889 1028
889 2129
890 2454
891 1108
891 1493
892 2794
893 2008
893 2318
894 1668
894 1973
895 2785
895 2023
896 2443
897 3090
898 1931
899 1706
899 907
900 1309
901 1810
901 3037
902 2572
903 1769
903 2725
904 3172
904 1330
905 2113
905 1484
907 1706
908 1497
909 2803
909 2392
910 1830
911 3060
911 2278
913 2078
913 1144
914 3090
914 1794
915 1926
915 2301
917 1036
917 2853
918 3072
918 2175
919 1425
920 2163
921 3026
922 2776
923 1164
923 2450
925 995
926 934
927 1068
928 2745
930 2217
931 1025
931 2199
932 2318
933 1977
933 1905
935 2590
936 2128
936 2174
937 1580
937 2782
938 3276
940 1379
941 1219
942 2343
942 2133
943 3044
943 2010
944 971
945 1854
945 1530
946 1584
946 2379
947 1578
947 1716
948 992
948 2542
949 2619
950 3095
950 1577
951 1638
952 3217
952 2943
953 2641
954 1286
954 1543
955 3145
956 1461
957 1991
958 2031
958 1858
959 3208
959 3075
960 1354
960 2501
961 2392
962 1511
963 2199
963 1342
964 2208
965 1617
966 3308
966 2224
968 1943
968 2829
969 1020
970 1949
970 3208
972 1300
973 2469
975 1295
976 2372
977 1855
977 2699
978 2991
979 2423
980 2098
980 1645
981 2675
982 1697
983 1174
983 1662
984 1556
984 3085
985 3300
986 2032
986 1641
987 3313
987 1974
988 1556
990 1223
990 1207
993 2097
993 2967
994 2735
994 2676
996 2784
996 3116
997 1482
997 2966
998 3314
999 1882
999 1754
1000 3026
1001 2105
1002 1455
1002 1200
1003 1991
1004 3216
1004 3288
1005 2769
1005 1816
1006 3149
1006 2999
1007 1389
1008 1674
1008 1867
1009 2784
1009 2681
1010 2650
1010 1703
1011 2330
1012 3300
1013 2418
1013 2416
1014 2452
1014 1323
1015 2783
1016 1251
1016 1869
1017 2438
1018 3241
1018 1032
1019 1587
1019 1429
1020 2295
1021 1188
1021 2108
1022 3057
1022 2317
1023 1167
1025 2319
1026 2251
1026 1513
1027 3318
1028 1848
1028 2510
1029 2969
1029 1564
1030 2687
1030 1971
1031 2559
1031 2329
1032 3241
1032 2513
1034 2475
1035 2966
1035 2703
1036 2853
1037 1186
1038 1250
1038 3150
1039 2531
1040 2242
1040 2877
1041 2229
1042 1800
1042 1100
1044 3191
1044 2323
1045 3252
1046 2452
1047 3237
1048 1073
1048 1610
1049 1620
1049 1970
1050 2209
1050 2961
1051 2966
1051 1206
1053 2181
1054 2594
1054 2045
1055 3152
1056 1886
1056 2593
1057 2129
1058 3002
1060 2098
1060 1645
1061 2796
1061 1217
1062 2103
1062 1882
1063 2543
1063 1675
1064 2527
1065 2314
1066 3203
1067 1305
1067 3021
1068 2150
1068 2132
1069 1695
1069 2504
1070 2386
1071 2822
1072 1113
1074 2773
1074 1277
1075 1319
1076 2453
1076 3272
1077 2688
1077 1919
1078 2510
1078 2284
1079 1555
1080 1446
1080 1348
1081 2493
1082 1266
1082 1505
1083 2948
1084 2133
1084 2343
1085 3139
1085 3244
1087 2440
1087 1978
1088 2200
1089 2535
1089 1400
1090 1715
1091 1346
1092 1174
1092 3324
1093 1890
1093 2424
1094 2900
1094 2903
1096 2361
1096 1580
1098 1692
1098 2074
1099 1179
1099 1707
1100 1839
1100 1526
1101 1478
1103 2670
1103 2448
1104 2800
1104 1606
1105 1901
1106 2757
1107 1735
1107 1586
1108 2471
1109 3227
1110 1364
1110 2550
1111 2939
1111 3007
1112 2784
1112 1617
1114 3263
1115 1362
1116 2448
1116 2910
1117 1708
1118 3259
1119 2540
1119 1577
1120 1659
1122 2991
1123 1855
1124 1837
1125 2884
1125 1902
1126 1644
1126 2821
1127 1911
1127 3085
1128 1761
1130 2901
1130 1399
1131 1625
1131 1853
1132 2374
1132 3288
1133 2107
1134 1629
1134 2400
1135 2464
1136 1885
1138 2680
1140 2516
1141 2008
1141 1437
1142 2088
1142 2614
1144 2980
1144 2381
1146 1197
1146 1474
1147 1935
1148 2983
1149 1404
1151 1847
1152 2976
1153 1167
1154 2164
1155 1379
1156 1738
1157 2226
1157 2234
1158 2583
1158 2813
1159 2755
1159 2086
1160 2694
1160 1432
1161 1854
1162 3009
1163 2349
1163 2348
1164 2344
1165 2462
1165 3224
1166 1934
1166 1252
1167 1894
1168 2449
1169 2688
1169 1209
1170 1447
1170 1488
1171 3240
1171 2350
1172 2512
1173 2796
1173 2795
1174 3324
1174 2659
1175 1311
1176 2362
1176 2200
1177 1757
1178 1590
1179 2469
1179 1707
1180 2580
1181 1799
1182 1188
1182 1793
1183 1217
1184 3286
1184 2790
1185 3123
1186 1218
1187 2961
1188 2108
1189 1767
1189 2060
1190 1895
1190 1422
1191 1532
1192 2793
1193 1981
1193 1372
1194 3280
1195 1582
1196 1488
1196 1423
1197 2708
1198 2784
1198 1747
1199 3113
1200 1455
1201 2589
1202 2356
1202 1591
1203 2438
1205 2024
1205 3094
1206 2966
1208 2596
1209 1272
1210 2612
1211 3111
1211 1976
1212 1484
1212 2954
1213 2438
1214 2859
1214 2230
1215 3111
1216 1936
1217 2848
1218 3068
1220 1721
1220 2473
1221 2054
1222 2889
1223 3024
1224 1769
1225 3125
1227 2642
1228 2247
1228 3313
1229 2663
1229 3098
1230 1918
1230 2230
1231 2349
1231 2173
1232 2927
1232 2211
1233 1410
1234 2260
1235 1250
1236 2159
1238 2632
1239 3018
1240 1663
1241 1694
1242 1895
1245 2498
1246 2776
1247 1851
1249 2280
1251 2791
1251 1843
1252 1571
1252 3118
1253 2364
1254 2684
1254 2509
1255 2046
1255 2537
1256 2278
1257 3198
1257 2221
1258 1689
1258 1839
1259 2890
1259 2865
1260 3312
1260 2794
1261 1755
1261 2480
1262 1356
1263 2145
1263 2969
1264 2354
1264 2372
1265 2249
1267 1397
1267 2389
1268 1362
1268 1570
1269 2749
1270 1920
1271 2601
1272 3153
1272 1426
1273 2230
1273 3054
1274 1739
1275 2443
1276 1291
1277 1803
1278 1507
1278 2686
1279 1542
1279 2628
1280 1932
1281 1503
1281 3014
1282 1396
1282 2382
1283 1297
1283 1370
1284 3313
1285 3172
1285 3170
1286 2366
1287 2939
1287 2058
1288 1898
1289 2099
1290 2064
1290 2859
1291 3094
1292 3256
1293 3261
1294 2224
1294 2536
1296 2828
1297 2103
1298 2860
1298 3222
1299 2406
1301 2663
1301 2182
1302 2601
1303 3047
1304 2800
1305 3021
1306 3180
1306 3181
1307 1842
1307 1865
1308 1568
1309 1455
1310 3125
1310 1851
1312 2247
1313 1639
1313 1462
1314 3095
1314 3094
1315 2617
1317 2390
1317 2247
1318 1949
1320 1673
1320 2629
1321 1623
1321 1344
1322 3133
1324 1449
1324 2606
1326 2661
1326 2656
1327 1547
1327 2164
1328 2403
1328 3162
1329 2620
1329 1829
1330 3172
1333 1986
1334 3084
1335 2662
1336 2120
1337 1635
1338 1451
1339 1885
1340 2323
1340 2855
1341 1722
1341 2986
1342 2521
1343 2829
1343 1943
1344 2947
1345 2898
1345 1892
1348 2595
1349 1995
1349 1920
1350 1399
1350 2675
1351 2839
1351 2247
1352 1972
1352 3245
1353 2903
1354 2501
1356 2366
1358 3180
1358 2587
1359 1802
1360 2604
1362 2891
1363 1726
1364 1920
1364 1415
1365 1504
1365 3008
1366 3002
1367 2947
1368 1882
1369 1746
1370 2889
1371 1919
1372 2794
1372 2796
1373 1948
1374 1752
1375 2778
1376 2954
1376 3255
1378 2907
1378 2038
1380 2005
1381 2320
1381 2322
1382 1550
1382 3025
1383 3299
1385 2452
1386 1635
1386 2829
1387 1693
1388 2300
1389 1934
1390 2952
1391 2756
1392 1694
1392 2857
1393 2672
1393 1629
1394 1685
1394 2858
1395 2064
1396 2382
1398 1399
1400 2535
1401 1709
1402 1775
1402 1737
1405 2256
1407 2192
1408 3213
1409 3278
1411 2366
1411 2790
1413 2395
1413 2841
1415 2220
1416 2009
1417 2253
1419 3141
1419 1454
1420 2099
1421 2877
1421 2242
1423 2734
1423 1455
1424 3280
1424 2634
1427 1915
1427 2142
1428 1810
1429 1875
1429 1587
1430 2734
1432 2188
1433 3065
1434 3087
1435 2730
1436 2994
1436 1619
1437 2278
1438 2022
1438 1459
1439 2264
1440 2124
1441 2747
1443 2797
1443 1734
1445 3161
1445 2401
1447 2266
1448 1938
1448 2353
1449 1562
1449 2606
1450 2054
1450 2286
1451 2015
1451 3282
1452 2868
1452 2607
1453 2327
1454 1676
1456 1481
1456 2348
1457 2956
1458 2526
1458 3163
1460 2630
1460 1717
1461 1775
1461 2587
1462 2039
1463 2703
1464 1531
1465 2832
1465 2833
1466 1835
1466 2674
1468 1823
1468 2351
1469 2688
1470 2500
1472 3294
1472 1683
1473 1965
1474 1490
1475 1970
1475 3264
1476 2992
1477 3048
1478 2760
1479 3260
1480 2782
1482 2433
1483 3027
1484 2113
1484 2063
1485 2400
1485 2683
1486 1510
1487 2138
1487 1491
1489 2055
1489 1805
1490 1743
1491 2138
1492 1609
1493 2710
1493 1569
1495 1533
1495 3216
1496 3326
1497 1956
1497 2336
1498 3299
1499 3135
1499 3136
1500 2105
1501 1642
1502 2014
1502 2201
1503 1674
1504 1933
1505 2411
1506 2169
1506 3272
1507 2686
1509 3056
1509 3055
1510 1582
1511 2967
1511 2775
1512 3223
1512 2085
1514 2624
1514 3141
1515 2050
1515 3314
1516 2815
1517 2360
1518 2634
1519 2380
1519 3226
1520 1695
1520 2180
1523 3169
1523 3172
1524 3032
1524 1665
1525 1854
1526 2142
1527 2414
1528 3036
1529 1722
1529 2986
1530 3101
1531 3216
1533 2625
1533 1883
1534 2706
1536 2220
1537 2788
1538 2433
1539 3291
1539 2653
1540 2345
1541 3100
1542 1903
1543 2366
1545 3026
1547 2432
1547 3059
1548 3268
1548 2506
1549 1560
1549 1705
1550 1813
1551 1704
1553 3219
1554 2010
1555 3101
1557 2322
1557 2320
1558 1875
1559 2039
1560 1705
1560 2114
1561 1864
1562 2816
1563 2586
1563 3062
1565 1836
1566 2863
1567 2925
1567 2166
1568 2767
1568 1769
1569 2710
1571 3118
1572 3050
1572 3049
1573 1854
1575 2478
1576 1987
1579 1662
1580 2362
1580 2361
1581 1650
1582 2032
1583 3308
1583 2570
1584 2379
1585 2624
1586 2513
1587 1875
1588 2548
1589 2974
1590 1761
1591 2633
1593 1757
1594 2529
1595 3077
1595 3039
1596 2440
1597 2471
1598 2285
1599 2092
1599 2759
1600 2581
1601 2700
1602 1685
1602 3159
1603 3269
1604 2473
1605 1708
1606 2441
1607 2542
1607 3263
1608 1773
1609 2429
1610 2669
1611 1921
1611 2071
1612 2473
1612 2307
1614 2629
1614 1975
1615 2054
1615 2602
1616 3177
1616 3261
1617 2064
1618 2889
1619 2994
1620 2977
1621 2017
1622 3034
1623 1627
1624 3022
1625 1853
1626 2856
1626 1897
1627 3235
1627 1938
1628 2155
1629 2672
1629 1959
1630 2244
1630 2736
1631 2650
1634 2576
1634 2494
1636 2716
1636 1876
1639 2198
1639 1748
1640 1923
1642 3261
1643 2018
1643 3325
1644 2839
1645 2098
1646 2311
1646 3259
1647 2540
1648 2064
1648 2476
1649 2399
1651 3304
1652 3271
1652 2424
1653 2959
1653 2946
1654 2214
1655 2733
1656 2292
1657 1756
1657 2080
1658 2064
1659 2434
1660 2179
1661 1796
1661 2769
1664 3092
1664 3297
1665 1670
1666 2057
1667 3286
1668 1877
1669 1762
1669 3091
1671 2476
1671 1972
1672 3145
1673 2307
1673 3112
1674 1867
1677 1803
1677 1820
1679 1949
1679 1788
1680 2006
1681 2892
1681 2605
1683 2447
1683 3294
1685 2498
1687 1783
1687 2043
1688 1723
1689 2539
1690 1859
1690 2221
1691 2730
1695 3091
1695 2037
1696 2474
1696 3114
1697 1956
1698 1780
1700 2800
1702 1774
1702 1711
1704 2269
1710 2815
1710 1992
1711 1774
1712 2263
1712 3051
1713 3059
1714 1869
1715 1822
1715 3053
1716 2069
1717 2630
1718 2703
1719 2751
1720 2795
1720 2796
1721 2472
1722 2987
1722 2986
1726 1863
1728 3196
1729 2634
1729 2885
1730 2570
1731 2115
1731 2649
1732 2221
1732 2445
1733 3303
1734 2064
1736 2645
1736 2964
1737 2632
1739 1803
1740 2705
1742 2561
1744 3205
1744 1803
1749 1877
1749 2268
1750 2720
1750 3321
1751 2319
1752 2716
1754 2351
1756 2656
1757 2319
1758 2433
1760 3114
1762 2376
1763 2569
1764 2162
1764 2267
1765 2309
1766 3183
1767 2168
1767 2060
1768 1964
1769 2767
1771 3257
1772 2067
1772 2222
1775 2587
1777 2070
1778 1979
1778 3257
1781 2731
1781 1907
1782 3213
1783 2939
1783 2367
1784 2773
1784 2231
1785 2646
1785 2921
1786 2986
1787 2209
1787 2588
1788 2251
1789 2819
1789 2963
1792 3265
1794 2001
1795 1821
1796 2769
1796 2768
1798 3163
1798 2526
1799 3136
1799 3135
1800 2847
1801 2791
1804 2732
1804 2460
1805 1880
1806 2805
1806 2804
1807 2129
1808 3011
1810 3189
1810 3037
1813 2028
1814 2449
1815 2157
1815 2885
1816 2768
1817 1826
1818 2778
1820 1828
1823 2479
1824 2597
1827 2268
1827 2984
1828 2082
1829 2620
1832 3218
1834 2002
1834 2116
1835 2122
1836 2578
1837 2400
1838 2709
1838 2187
1839 3023
1840 2348
1840 2349
1841 2796
1842 1865
1843 2148
1844 2218
1844 2259
1845 2012
1846 2954
1846 2393
1848 2284
1848 2510
1849 3089
1850 2539
1851 3125
1852 2018
1852 3325
1854 2606
1856 2739
1857 2918
1858 2031
1859 2221
1860 2436
1860 2696
1861 2499
1861 2156
1862 2582
1863 2368
1864 2509
1866 2081
1868 3068
1871 2103
1872 2655
1874 2624
1878 2937
1883 3308
1885 3162
1886 2593
1887 2358
1887 2357
1889 2618
1889 2517
1890 2424
1892 2670
1893 2753
1894 1901
1895 3128
1895 2142
1896 2710
1897 2856
1899 2798
1900 2684
1900 3111
1904 2666
1905 1977
1906 3156
1907 2713
1907 2731
1908 3302
1908 3301
1909 2482
1912 2218
1913 3152
1916 2373
1917 2351
1918 2829
1918 2226
1919 3017
1921 2463
1921 2249
1922 3074
1922 2984
1923 2264
1924 2167
1924 3265
1926 2601
1926 2301
1927 2833
1928 2629
1929 2359
1930 3077
1931 2195
1932 3046
1934 2265
1936 2903
1936 3061
1937 2129
1939 3046
1940 2964
1941 2249
1941 2998
1942 3094
1942 3098
1943 2829
1944 2330
1946 2901
1949 3208
1949 3075
1950 3020
1950 2971
1951 2988
1953 2041
1955 3072
1956 2964
1957 3008
1957 2171
1958 2796
1959 2672
1961 3014
1961 2142
1962 3031
1963 2493
1965 2625
1966 2862
1968 2979
1969 2012
1969 3270
1970 3265
1971 2687
1974 3313
1975 2410
1976 2364
1980 2364
1982 2729
1983 2541
1983 2549
1984 2989
1984 2990
1985 2221
1987 2605
1988 2263
1988 2408
1989 2057
1989 3027
1990 2424
1992 3139
1995 2528
1996 2362
1996 2183
1997 2965
1998 2446
1998 3323
1999 2212
2000 2915
2001 2941
2004 3143
2005 3216
2005 2464
2006 2043
2006 2945
2007 3270
2008 2498
2010 3044
2014 2201
2016 2569
2018 3325
2020 2623
2023 2785
2024 2862
2026 3279
2027 3048
2028 3216
2029 2231
2030 3217
2032 2803
2033 2400
2034 2059
2035 2269
2036 2410
2036 2270
2037 3091
2038 2907
2039 3246
2042 3248
2046 2118
2047 2991
2047 2664
2048 3311
2049 3313
2050 3314
2051 2465
2053 2064
2054 3252
2056 3243
2058 3007
2059 2278
2059 2391
2060 2168
2061 2270
2062 2256
2063 2113
2064 2783
2067 3107
2067 3106
2068 2894
2073 2356
2073 3126
2075 3097
2076 2508
2076 3247
2077 2473
2079 2446
2082 2957
2084 2133
2085 2167
2088 2126
2089 2678
2090 2561
2090 2949
2092 2723
2093 2107
2094 2541
2094 2975
2096 2776
2097 2967
2101 2633
2101 2229
2102 2224
2103 2889
2104 2169
2109 2188
2111 2990
2112 3317
2114 2477
2115 2490
2116 2321
2117 2734
2117 2892
2119 2235
2120 3217
2120 2973
2121 2390
2122 2663
2123 2291
2124 2483
2127 2841
2128 2782
2128 2667
2129 2905
2131 2889
2132 2899
2134 2918
2136 2505
2137 2992
2139 2239
2140 2548
2141 2854
2142 2434
2142 2208
2143 3035
2144 2250
2145 2969
2151 2821
2152 2962
2153 3294
2154 3215
2156 2499
2156 2957
2157 2661
2159 2629
2160 2909
2160 2567
2161 2424
2163 2901
2164 2432
2166 2925
2167 2973
2167 2646
2170 2702
2173 2349
2176 2630
2177 3296
2177 2497
2178 3191
2178 3240
2181 3289
2184 2977
2185 2833
2186 2790
2187 2224
2188 2694
2189 3046
2191 2497
2192 3270
2193 3134
2193 2742
2194 2756
2195 3235
2195 2566
2200 2362
2202 2550
2204 3000
2205 2427
2205 2592
2209 2588
2210 2448
2211 2926
2213 2549
2213 3081
2215 2918
2219 2795
2220 2452
2221 3198
2224 2675
2225 2367
2226 2234
2228 2698
2229 2625
2231 2773
2232 3052
2233 2357
2238 3289
2239 2784
2239 2711
2240 3232
2241 2627
2241 2941
2244 2736
2244 2621
2245 2945
2245 2335
2248 2667
2252 3232
2253 2554
2254 3093
2257 2663
2261 2463
2264 2404
2268 2904
2270 2326
2271 2427
2271 3268
2272 2769
2273 2469
2276 2291
2279 3135
2280 3261
2282 2785
2283 2559
2284 2510
2284 2297
2286 2965
2287 2848
2288 2549
2288 3152
2289 2907
2291 3000
2293 2887
2294 2359
2296 2835
2297 2510
2298 3135
2299 2519
2300 2307
2307 3112
2308 2698
2309 2333
2310 3083
2312 3318
2312 2315
2314 2741
2316 2657
2318 3245
2320 2322
2321 2322
2326 3213
2327 3026
2328 2329
2331 2915
2335 2945
2337 2721
2337 2430
2338 2554
2339 2734
2339 2950
2340 3020
2342 3145
2346 2661
2348 2349
2350 3240
2354 2372
2355 2537
2356 2633
2357 2431
2357 2358
2358 2431
2361 2362
2363 3164
2365 3279
2365 2526
2367 2541
2367 2549
2369 3128
2370 3144
2371 2874
2376 3049
2378 3006
2381 2980
2385 3213
2387 2919
2387 3097
2388 2389
2390 2502
2392 2803
2394 2884
2394 2395
2395 2981
2396 2664
2397 2599
2404 2405
2407 3326
2412 2792
2413 2439
2416 2418
2417 2571
2419 3182
2420 3028
2420 2558
2422 3028
2426 2427
2427 3027
2428 2557
2430 2656
2434 2889
2434 3128
2435 2829
2437 2945
2440 2977
2441 2497
2442 2687
2443 2650
2444 2650
2444 2649
2445 3261
2447 3318
2453 3272
2457 2592
2459 2633
2460 2732
2462 3224
2464 3120
2466 2586
2467 3240
2468 2612
2472 2670
2481 2596
2482 2673
2483 3262
2484 3171
2485 2772
2486 3221
2487 2546
2489 3326
2490 2681
2492 2512
2494 2576
2499 3261
2501 2812
2503 2504
2513 3241
2515 2911
2517 2618
2520 3308
2522 2650
2522 2523
2524 2726
2524 3007
2526 2972
2532 2587
2537 2694
2538 2611
2538 3167
2541 2549
2545 3240
2546 2638
2550 2939
2550 3249
2551 2619
2553 3326
2554 2604
2556 2690
2558 3028
2566 3028
2567 2568
2570 2589
2574 2915
2575 3081
2580 2581
2583 2813
2590 2973
2596 2826
2598 3281
2599 3300
2600 3289
2603 3287
2609 3241
2610 2611
2613 2614
2615 2996
2616 2712
2621 2736
2622 2795
2623 2624
2627 2628
2631 2903
2635 2833
2640 2641
2642 2669
2646 2973
2648 2900
2648 2899
2649 2650
2651 2984
2653 3291
2654 2828
2656 2661
2660 2853
2663 2829
2664 2991
2669 2929
2670 2672
2673 2901
2676 2735
2679 2686
2680 2767
2682 3326
2686 2764
2701 3111
2703 2966
2704 2966
2705 2706
2709 2710
2713 2731
2717 2821
2718 2887
2718 2719
2719 2720
2722 2743
2726 2727
2728 3111
2728 3316
2732 3248
2739 2918
2740 2741
2743 2744
2744 3200
2750 3120
2757 3191
2759 2964
2761 3200
2762 2999
2768 2769
2770 2771
2772 2773
2772 3272
2774 2775
2774 2967
2775 2967
2779 2780
2781 3326
2786 3098
2786 3014
2794 2796
2801 2802
2802 2896
2806 2807
2809 2810
2818 3035
2819 3202
2820 3324
2821 3086
2826 2827
2830 3098
2832 2833
2833 2950
2834 3082
2837 3183
2840 3050
2841 3202
2842 2843
2844 2913
2849 3243
2849 2850
2854 2947
2864 3176
2869 2870
2872 2873
2893 3308
2894 3144
2899 2900
2909 3232
2915 3178
2917 2947
2919 3097
2921 3215
2921 3046
2922 3283
2923 3180
2929 3326
2930 3221
2934 2935
2942 3308
2953 3326
2955 2957
2955 2956
2965 2980
2971 3297
2985 2986
2986 2987
2989 2990
2992 3254
2996 2997
3003 3284
3003 3005
3004 3005
3005 3284
3022 3050
3039 3317
3042 3326
3045 3187
3049 3050
3053 3248
3055 3056
3057 3058
3058 3059
3062 3099
3063 3326
3064 3225
3069 3217
3071 3312
3078 3311
3079 3311
3088 3107
3092 3297
3094 3095
3102 3103
3106 3107
3109 3110
3113 3251
3117 3118
3118 3119
3123 3260
3126 3127
3132 3216
3133 3134
3135 3136
3139 3244
3156 3251
3165 3166
3166 3318
3169 3170
3169 3172
3170 3172
3171 3173
3176 3177
3180 3181
3194 3197
3197 3234
3197 3236
3199 3279
3206 3216
3212 3326
3214 3326
3227 3242
3228 3236
3228 3234
3229 3230
3234 3236
3235 3236
3247 3260
3250 3326
3252 3253
3264 3265
3292 3326
3301 3302
3305 3326
3306 3326
3309 3326
3319 3320
3322 3323
