0 2502
0 376
0 2199
0 674
0 327
0 1452
1 1163
1 1531
1 1444
1 2933
1 158
1 1370
2 2815
2 3084
2 305
2 2482
2 1277
2 583
3 3219
3 2669
3 1431
3 1237
3 1095
3 64
4 3215
4 247
4 467
4 3018
4 1905
4 1982
5 1593
5 1695
5 3096
5 537
5 1556
5 651
6 1501
6 270
6 2174
6 2195
6 2423
6 1293
7 144
7 1991
7 2379
7 97
7 108
7 2989
8 3075
8 1870
8 547
8 1631
8 317
8 3317
9 2806
9 2566
9 2633
9 2982
9 1218
9 1007
10 1696
10 1757
10 2625
10 1879
10 1097
10 839
11 2833
11 2832
11 1868
11 440
11 2034
11 1166
12 2248
12 2933
12 588
12 1275
12 677
12 150
13 1222
13 559
13 1105
13 1167
13 1894
13 1901
14 1494
14 692
14 2905
14 439
14 1248
14 146
15 3202
15 1162
15 3136
15 1665
15 2359
15 2275
16 314
16 2418
16 912
16 373
16 2416
16 616
17 1068
17 752
17 927
17 2150
17 2132
17 879
18 47
18 1554
18 1090
18 185
18 2245
18 3278
19 237
19 1584
19 2582
19 1338
19 238
19 3308
20 2059
20 3080
20 595
20 3150
20 1558
20 1485
21 1762
21 983
21 1808
21 987
21 1667
21 2133
22 3140
22 2203
22 784
22 1762
22 1667
22 1506
23 3324
23 131
23 1811
23 1662
23 1490
23 268
24 640
24 232
24 977
24 2642
24 2027
24 3286
25 650
25 2585
25 847
25 2057
25 2331
25 1399
26 2729
26 1936
26 1970
26 2835
26 395
26 2153
27 2282
27 229
27 644
27 2785
27 2023
27 895
28 1419
28 1410
28 1265
28 2316
28 1678
28 2657
29 250
29 1834
29 2782
29 1918
29 904
29 3014
30 3313
30 287
30 1292
30 131
30 532
31 2681
31 2444
31 2246
31 1703
31 170
31 882
32 1748
32 562
32 284
32 2009
32 1416
32 203
33 3043
33 746
33 824
33 3091
33 1250
33 2461
34 2640
34 3251
34 75
34 1488
34 2641
34 1300
35 2795
35 268
35 3262
35 2130
35 1720
35 89
36 429
36 2918
36 2440
36 2948
36 763
36 1920
37 333
37 1168
37 345
37 3001
37 1745
37 232
38 576
38 1953
38 1100
38 2680
38 2372
38 2446
39 764
39 324
39 2698
39 1414
39 105
39 1412
40 2759
40 1965
40 1290
40 935
40 237
40 631
41 2445
41 3261
41 2530
41 1337
41 1059
41 461
42 1872
42 143
42 2067
42 759
42 2862
42 2024
43 3216
43 1670
43 2632
43 1759
43 1915
44 1227
44 2762
44 2746
44 1845
44 2012
44 3326
45 560
45 1991
45 2694
45 939
45 2188
45 2919
46 2306
46 2001
46 3237
46 656
46 1047
46 1241
47 3051
47 2245
47 2900
47 1094
47 1692
48 1281
48 2204
48 2142
48 1812
48 314
48 2417
49 874
49 2036
49 1408
49 2894
49 3144
49 2994
50 978
50 358
50 2160
50 2529
50 738
50 971
51 2142
51 1511
51 1422
51 2571
51 311
51 453
52 1232
52 1757
52 155
52 3263
52 274
52 1114
53 2607
53 454
53 1514
53 2216
53 2291
53 799
54 2110
54 2267
54 728
54 2568
54 2378
54 1822
55 1215
55 89
55 501
55 3308
55 2330
55 1011
56 3294
56 2184
56 1683
56 808
56 2608
56 304
57 2705
57 1706
57 2570
57 667
57 3096
57 2589
58 1068
58 740
58 742
58 2009
58 1416
58 284
59 2596
59 2064
59 2826
59 2681
59 236
59 1285
60 3060
60 1328
60 995
60 793
60 925
60 916
61 2063
61 1668
61 1877
61 2565
61 350
61 169
62 3120
62 1629
62 2656
62 1280
62 2945
62 1817
63 344
63 3289
63 2600
63 2238
63 835
63 1053
64 2669
64 1431
64 1553
64 1237
64 1095
65 2870
65 1434
65 2869
65 2686
65 2630
65 1011
66 2237
66 2103
66 1770
66 1882
66 2629
66 1062
67 1841
67 2876
67 2793
67 786
67 671
67 1960
68 271
68 405
68 1360
68 3273
68 829
68 2411
69 687
69 617
69 2322
69 1524
69 3200
69 157
70 118
70 2028
70 2261
70 1216
70 782
70 991
71 2625
71 3304
71 3083
71 2295
71 328
71 660
72 3311
72 586
72 2170
72 717
72 318
72 2702
73 2974
73 872
73 2949
73 560
73 1589
73 1779
74 2365
74 2526
74 2938
74 3163
74 1458
74 2972
75 1263
75 3251
75 2979
75 933
75 1300
76 2957
76 2956
76 381
76 1457
76 2644
76 2530
77 1561
77 2434
77 1075
77 828
77 813
77 2803
78 1977
78 2043
78 1687
78 169
78 1783
78 3288
79 2203
79 1905
79 1868
79 2089
79 1102
80 2173
80 1204
80 3029
80 359
80 562
80 707
81 3084
81 1558
81 2414
81 591
81 1527
81 558
82 2395
82 2205
82 2381
82 416
82 2980
82 2039
83 3166
83 2025
83 1027
83 462
83 3318
83 2447
84 1753
84 1704
84 110
84 1464
84 2269
84 215
85 3308
85 1614
85 867
85 287
85 2893
85 2564
86 489
86 3146
86 1364
86 1857
86 3120
86 2258
87 1870
87 547
87 3208
87 1565
87 2918
87 2215
88 3231
88 2841
88 2084
88 3084
88 583
88 1245
89 240
89 1187
89 520
89 2130
90 2218
90 123
90 2601
90 1271
90 2784
91 404
91 1090
91 1723
91 2313
91 684
91 878
92 2602
92 2440
92 3252
92 379
92 1939
92 3253
93 1287
93 2726
93 690
93 2727
93 1613
93 1111
94 1438
94 196
94 3260
94 2793
94 1192
94 457
95 2269
95 110
95 3274
95 1551
95 1704
95 2332
96 2318
96 2530
96 3133
96 119
96 1322
97 3253
97 2945
97 2379
97 902
97 2572
98 1078
98 2284
98 2511
98 1848
98 2510
98 386
99 936
99 1621
99 2017
99 2174
99 1054
99 2045
100 3037
100 2904
100 1810
100 2341
100 1621
100 2158
101 1325
101 990
101 1449
101 1291
101 1085
101 852
102 116
102 216
102 1639
102 3310
102 1748
102 2188
103 2387
103 1320
103 520
103 2629
103 2130
103 487
104 1883
104 2809
104 2933
104 660
104 3274
105 172
105 2698
105 1222
105 1253
105 1412
106 922
106 155
106 379
106 2776
106 1246
107 754
107 1822
107 1715
107 919
107 3091
107 1425
108 3021
108 2355
108 3096
108 1991
108 2109
109 2506
109 2848
109 1775
109 1372
109 761
109 427
110 271
110 1551
110 2269
110 703
110 1704
110 2332
111 1493
111 2709
111 2710
111 1896
111 1569
111 251
112 3100
112 1249
112 2280
112 1852
112 2783
112 1598
113 1041
113 563
113 2121
113 3121
113 962
113 979
114 1848
114 2510
114 2074
114 1028
114 2801
114 2297
115 332
115 3204
115 1217
115 1466
115 1170
115 2162
116 1643
116 1218
116 728
116 3021
116 3310
117 542
117 1978
117 1304
117 2013
117 1010
117 1472
118 2265
118 865
118 132
118 1934
118 1522
118 2729
119 817
119 1632
119 1322
119 3133
119 3134
120 247
120 2458
120 280
120 3111
120 337
120 1650
121 2138
121 2776
121 1516
121 1645
121 3137
121 736
122 3150
122 985
122 2147
122 2421
122 3310
122 827
123 2221
123 590
123 1381
123 1146
123 153
124 1805
124 2107
124 2343
124 2626
124 1442
124 1453
125 1646
125 1633
125 831
125 1229
125 2667
125 3001
126 751
126 224
126 2316
126 1029
126 333
126 1446
127 2547
127 839
127 143
127 2778
127 2003
127 2599
128 1469
128 1638
128 2258
128 672
128 1738
128 1156
129 1686
129 3071
129 1498
129 3313
129 2777
129 798
130 2316
130 1926
130 1686
130 3216
130 749
130 1364
131 2162
131 2743
131 1490
131 268
131 1633
132 470
132 817
132 1979
132 1685
132 2721
133 2900
133 736
133 243
133 1216
133 2798
133 1899
134 688
134 2743
134 2723
134 448
134 1557
134 874
135 2218
135 599
135 2153
135 1427
135 376
135 1912
136 2128
136 1275
136 2507
136 153
136 453
136 2887
137 3013
137 527
137 2664
137 2991
137 1122
137 2047
138 1494
138 1883
138 1591
138 1719
138 1533
138 493
139 2543
139 1363
139 958
139 602
139 2031
139 1858
140 1154
140 3059
140 3058
140 1547
140 2164
140 1713
141 1038
141 3084
141 2868
141 1124
141 2683
141 1485
142 2734
142 547
142 1423
142 1200
142 1455
142 1002
143 2805
143 1707
143 1624
143 1410
144 1587
144 2057
144 1398
144 1399
144 847
144 1429
145 781
145 2646
145 1978
145 3121
145 710
145 1790
146 1647
146 3194
146 444
146 439
146 1248
147 715
147 324
147 453
147 428
147 2663
147 1725
148 195
148 1320
148 1770
148 2068
148 1091
148 1222
149 698
149 2903
149 3207
149 957
149 348
149 2451
150 2248
150 2933
150 588
150 1275
150 677
151 413
151 1666
151 805
151 1558
151 2519
151 1875
152 1875
152 1019
152 1587
152 847
152 1429
152 1398
153 324
153 2444
153 3116
153 3013
153 856
154 1584
154 327
154 1603
154 2068
154 798
155 1366
155 1085
155 2643
155 2776
155 922
156 1863
156 853
156 792
156 1370
156 3084
156 1334
157 2341
157 2015
157 2629
157 2309
157 1178
157 196
158 514
158 1533
158 1883
158 1558
158 2933
159 1785
159 1756
159 393
159 2661
159 2346
159 465
160 1717
160 2053
160 2716
160 2133
160 926
160 934
161 534
161 2166
161 1467
161 3070
161 1680
161 2003
162 1256
162 1371
162 2482
162 1962
162 2292
162 1680
163 280
163 1179
163 3182
163 2861
163 3240
163 2862
164 3308
164 848
164 1389
164 2379
164 2317
164 581
165 3217
165 3225
165 961
165 620
165 2760
165 1802
166 1555
166 667
166 278
166 3101
166 1079
166 1530
167 1784
167 1904
167 495
167 2900
167 2909
168 1572
168 372
168 1334
168 3193
168 1038
168 2001
169 905
169 2063
169 929
169 2113
169 1484
170 2698
170 1478
170 2681
170 2866
170 1222
171 1392
171 2255
171 222
171 1241
171 689
171 1694
172 3085
172 1412
172 2322
172 2321
172 2398
173 2006
173 1743
173 3146
173 3148
173 734
173 738
174 2757
174 904
174 757
174 1420
174 2099
174 1289
175 2001
175 1494
175 2502
175 718
175 2156
175 2941
176 2348
176 1756
176 2164
176 1188
176 2750
176 465
177 576
177 2687
177 1971
177 1030
177 2508
177 2442
178 2030
178 2562
178 2270
178 3154
178 2251
179 2436
179 2696
179 2723
179 1860
179 688
179 2092
180 3263
180 2444
180 1607
180 2466
180 351
180 2639
181 1224
181 612
181 2092
181 690
181 2825
181 495
182 1033
182 2662
182 900
182 1072
182 1113
182 2800
183 1454
183 2593
183 1966
183 1213
183 2588
183 1841
184 2142
184 1456
184 1665
184 1825
184 1871
184 216
185 214
185 625
185 1148
185 1554
185 3278
186 2393
186 1075
186 2068
186 2237
186 3060
186 2883
187 2063
187 3260
187 905
187 2113
187 1484
188 500
188 2619
188 1809
188 266
188 949
188 227
189 3138
189 2103
189 1802
189 1927
189 2399
189 1557
190 2692
190 1334
190 3084
190 2135
190 1782
190 2693
191 3103
191 1465
191 632
191 2833
191 1927
191 1390
192 2452
192 2980
192 2359
192 2798
192 1152
192 596
193 1092
193 1800
193 1222
193 3323
193 1024
193 572
194 1620
194 2008
194 1310
194 3245
194 870
194 397
195 1544
195 310
195 3202
195 1608
195 781
196 2393
196 2559
196 459
196 2629
196 2936
197 2782
197 549
197 1314
197 2488
197 1830
197 522
198 2643
198 737
198 688
198 1521
198 2414
198 326
199 1152
199 3041
199 848
199 1232
199 1476
199 2317
200 388
200 3014
200 1290
200 3086
200 2064
201 249
201 2568
201 854
201 2888
201 2381
201 1144
202 2529
202 786
202 2309
202 2793
202 1594
202 900
203 2198
203 2009
203 284
203 562
203 1416
204 3228
204 2855
204 1434
204 3087
204 1340
204 1348
205 334
205 1521
205 783
205 2296
205 212
205 2835
206 1040
206 1126
206 772
206 1546
206 1284
206 2935
207 1642
207 255
207 2051
207 270
207 2860
207 1862
208 1311
208 2703
208 404
208 1035
208 2170
208 218
209 782
209 212
209 957
209 399
209 1991
209 364
210 1245
210 3140
210 1891
210 1085
210 3183
210 2837
211 1457
211 1964
211 2056
211 2980
211 1444
211 3150
212 3318
212 783
212 2345
212 2835
212 2296
213 428
213 1511
213 2967
213 2474
213 2064
213 1499
214 2231
214 2500
214 2767
214 1769
214 1568
214 2485
215 1303
215 1225
215 2338
215 271
215 809
216 1021
216 1758
216 2039
216 580
217 1075
217 2237
217 2867
217 422
217 1603
217 1319
218 2703
218 2706
218 2966
218 1206
218 1035
219 388
219 3057
219 753
219 2254
219 1947
220 2475
220 2021
220 1617
220 1034
220 493
220 237
221 1871
221 1736
221 559
221 273
221 1901
221 1481
222 1137
222 1241
222 2255
222 1694
222 689
223 1162
223 2778
223 1674
223 3171
223 1008
223 1459
224 1355
224 2239
224 1880
224 2834
224 2139
225 3204
225 3036
225 3203
225 1706
225 1066
225 1528
226 652
226 412
226 2729
226 1151
226 1847
227 1809
227 266
227 500
227 949
227 2619
227 2551
228 3061
228 2316
228 316
228 1936
228 1410
228 1233
229 1635
229 895
229 2785
229 2023
229 1034
230 1968
230 754
230 1437
230 2473
230 3313
230 1977
231 267
231 2613
231 3025
231 2386
231 1070
231 892
232 2154
232 1466
232 870
232 333
233 464
233 2079
233 940
233 3070
233 2738
233 719
234 2776
234 1045
234 1892
234 1865
234 3215
234 2993
235 1367
235 464
235 1544
235 1440
235 2483
235 256
236 2896
236 2629
236 618
236 3111
237 1617
237 1034
237 453
237 1940
237 3308
238 583
238 3308
238 918
238 735
238 2175
239 1533
239 2057
239 767
239 1321
239 1249
239 1088
240 2942
240 625
240 2148
240 3260
240 2175
241 1618
241 343
241 1870
241 1536
241 1471
242 1915
242 805
242 2519
242 450
242 2299
242 413
243 1618
243 1871
243 288
243 1025
243 1456
244 2231
244 1038
244 3011
244 1808
244 2368
244 2071
245 866
245 3124
245 3261
245 2359
245 1754
245 1565
246 2097
246 2968
246 1157
246 2234
246 2829
246 2564
247 3154
247 3215
247 2126
247 1031
247 2088
247 332
248 1837
248 2812
248 297
248 3278
248 1934
248 513
249 1081
249 1244
249 1207
249 2567
249 2568
250 1976
250 1211
250 1001
250 842
250 1456
251 2709
251 1896
251 2207
251 1569
251 2710
252 2899
252 1936
252 2240
252 536
252 1681
252 927
253 2193
253 1049
253 2763
253 3004
253 3249
253 2550
254 2733
254 3271
254 1715
254 2732
254 3248
254 1822
255 1526
255 2307
255 2888
255 1928
255 1100
255 967
256 2124
256 2522
256 1440
256 2483
256 3262
257 1121
257 2986
257 1655
257 2987
257 3151
257 1456
258 1915
258 2782
258 1229
258 2829
258 2435
258 2128
259 977
259 1791
259 2978
259 461
259 1055
259 1896
260 1707
260 2341
260 1850
260 357
260 2350
261 2795
261 1698
261 753
261 1361
261 910
261 1664
262 1028
262 1868
262 3311
262 1597
262 1125
263 2941
263 2277
263 2655
263 737
263 1808
263 307
264 3154
264 1362
264 1549
264 1835
264 3297
265 319
265 1046
265 1385
265 1536
265 2220
265 2452
266 2619
266 3298
266 500
266 1809
267 442
267 551
267 749
268 1490
268 1662
268 3324
268 1579
269 2504
269 3235
269 3090
269 3176
269 370
269 2499
270 1752
270 1627
270 3090
270 2423
271 1704
271 2332
271 2069
271 405
271 2269
272 2185
272 3084
272 738
272 2765
272 2930
272 2764
273 768
273 1736
273 1956
273 1481
273 2645
274 2980
274 685
274 3093
274 1114
274 3263
275 2921
275 2086
275 1159
275 489
275 2754
275 397
276 1327
276 1182
276 2567
276 995
276 2568
277 1674
277 2540
277 1075
277 2881
277 2888
277 2237
278 1079
278 667
278 2469
278 1555
278 760
279 2326
279 1027
279 1599
279 907
279 1994
280 2861
280 2803
280 2862
280 453
280 2159
280 2904
281 1035
281 720
281 1146
281 282
282 2348
282 1163
282 2694
282 3041
282 3308
282 2520
283 1221
283 2054
283 1045
283 3252
283 379
283 3253
284 740
284 1416
284 2009
285 462
285 1052
285 3318
285 2025
285 1418
285 2066
286 1193
286 2122
286 1835
286 3121
286 1466
286 2674
287 506
287 2520
287 1215
287 2227
287 1598
287 3308
288 1456
288 3297
288 1871
288 2252
288 1090
288 1361
289 1724
289 2181
289 775
289 1703
290 2176
290 1963
290 2354
290 2767
290 2701
290 2500
291 3065
291 1624
291 3225
291 942
291 873
291 1433
292 1367
292 2141
292 2947
292 594
292 1344
292 2854
293 2624
293 2020
293 813
293 2770
293 2771
293 1585
294 2057
294 3231
294 501
294 2028
294 478
294 3150
295 1835
295 1825
295 387
295 2531
295 1678
295 3061
296 967
296 1491
296 525
296 2176
296 353
296 1226
297 2789
297 2263
297 2275
297 1094
297 3009
297 513
298 2678
298 680
298 2293
298 2089
298 2887
299 659
299 2679
299 1225
299 2686
299 1507
299 1057
300 1562
300 1522
300 1531
300 1417
300 383
300 1221
301 1669
301 550
301 2900
301 1873
301 2267
301 425
302 1422
302 2053
302 2651
302 2064
302 686
303 672
303 1895
303 1190
303 1156
303 2634
303 1508
304 1967
304 494
304 2977
304 2025
304 3294
304 2184
305 3084
305 1431
305 583
305 2929
305 2547
306 1038
306 3152
306 813
306 858
306 657
306 1451
307 2416
307 965
307 2663
307 2257
307 1157
307 2234
308 1847
308 2935
308 1899
308 1435
308 1204
308 1151
309 1891
309 1544
309 3124
309 1119
309 1577
310 1407
310 2937
310 719
310 1878
310 3180
311 2281
311 1261
311 1195
311 2596
311 1755
312 562
312 3279
312 2345
312 470
312 2457
312 2026
313 1001
313 2889
313 2359
313 2208
313 3128
313 2103
314 912
314 616
314 1605
314 2418
314 2416
315 2703
315 2709
315 2039
315 369
315 580
315 1639
316 3032
316 2932
316 2721
316 1930
316 2327
317 448
317 2798
317 2055
317 1033
317 411
318 653
318 2048
318 2702
318 717
318 3311
319 3018
319 1046
319 2452
319 1385
319 2220
320 1398
320 2280
320 2457
320 2962
320 2408
321 3198
321 2303
321 3150
321 3083
321 1257
321 2227
322 434
322 2405
322 2678
322 2991
322 1879
322 2224
323 1224
323 2687
323 3275
323 482
323 2948
323 942
324 1288
324 453
324 2967
324 3013
324 2444
325 1782
325 3202
325 3111
325 330
325 3184
325 345
326 1692
326 2622
326 3085
326 1090
326 1311
326 2707
327 2291
327 2393
327 1106
327 1382
327 3025
328 2670
328 2295
328 660
328 2258
328 1521
329 1315
329 1991
329 1889
329 2617
329 2517
329 2618
330 3111
330 3278
330 1980
330 2425
330 3184
331 1808
331 1401
331 2067
331 2072
331 1083
331 1709
332 2278
332 3288
332 2258
332 3215
332 1437
333 1116
333 1701
333 3095
333 2780
334 876
334 1173
334 659
334 1676
334 2100
334 1203
335 371
335 723
335 2804
335 2172
335 1088
335 486
336 1885
336 3002
336 2580
336 1366
336 1180
336 1058
337 1755
337 2291
337 1075
337 3060
338 2746
338 563
338 2027
338 1227
339 778
339 1521
339 920
339 2525
339 1845
339 2163
340 772
340 2761
340 3266
340 800
340 1622
340 3034
341 523
341 1891
341 1869
341 2834
341 1714
341 1711
342 2177
342 3296
342 860
342 2441
342 2497
342 2920
343 2359
343 2436
343 1407
343 3270
343 2192
343 1773
344 1053
344 2181
344 3289
344 2238
344 2600
344 835
345 1284
345 1308
345 2498
345 669
345 809
346 1825
346 2064
346 1580
346 1034
346 493
346 2782
347 1666
347 2336
347 2633
347 1202
347 1064
347 1591
348 1738
348 1813
348 920
348 2163
349 1233
349 2013
349 1713
349 1043
349 1452
349 1929
350 395
350 1877
350 2565
350 1668
351 2003
351 3135
351 2639
351 661
351 2638
352 2811
352 3084
352 1304
352 2789
352 2879
352 2429
353 1618
353 2208
353 1222
353 2889
353 2434
353 2142
354 372
354 3197
354 2568
354 2567
354 3006
355 1132
355 3084
355 2510
355 1121
355 2972
355 3239
356 974
356 3251
356 397
356 798
356 442
356 2450
357 3191
357 3240
357 2804
357 1948
357 2350
357 1373
358 2583
358 1459
358 841
358 971
358 2529
359 2672
359 2267
359 1485
359 3029
359 2683
360 2247
360 1161
360 3052
360 388
360 2912
361 2774
361 2226
361 2839
361 1517
361 1918
361 2360
362 1056
362 2340
362 2593
362 845
362 2338
362 2554
363 3115
363 617
363 2784
363 800
363 2115
363 2474
364 2734
364 1849
364 957
364 1991
364 399
365 2319
365 992
365 1757
365 1751
365 1593
365 630
366 2352
366 1559
366 3323
366 525
366 572
367 405
367 2966
367 3311
367 2278
368 515
368 1863
368 3135
368 1905
368 1993
369 1639
369 1894
369 1035
369 3027
369 580
370 3236
370 3132
370 1861
370 2620
370 2499
371 2261
371 1516
371 3071
371 2463
371 1369
371 1746
372 3193
372 1855
372 2341
372 1334
372 2422
373 1708
373 622
373 616
373 1117
373 912
374 726
374 2790
374 2368
374 1411
374 797
374 1726
375 944
375 1493
375 2709
375 1896
375 2710
375 1569
376 882
376 885
376 2345
376 1488
376 1691
377 2224
377 3031
377 2390
377 2650
377 3320
377 2070
378 2766
378 2485
378 1470
378 1138
378 2500
378 2231
379 2440
379 1045
379 1221
379 3252
379 3253
380 1968
380 797
380 3188
380 1769
380 2155
380 1628
381 2644
381 1457
381 2957
381 2955
381 2956
382 1717
382 1485
382 2806
382 3029
382 2100
382 2353
383 3117
383 3244
383 1033
383 1085
383 989
384 2207
384 2429
384 2699
384 763
384 2202
385 1623
385 436
385 2851
385 646
385 2370
385 1700
386 1028
386 1078
386 2510
386 2017
386 2511
387 1004
387 2191
387 2399
387 736
387 1782
388 2064
388 1229
388 3086
388 2668
388 2115
388 2444
389 3183
389 1984
389 2990
389 2989
389 2111
390 498
390 2479
390 1001
390 600
390 2105
390 431
391 2550
391 3192
391 2440
391 2995
391 1679
391 2275
392 676
392 475
392 1565
392 430
392 455
392 1656
393 1522
393 2457
393 1756
393 956
393 817
394 3323
394 1009
394 1986
394 2992
394 1333
394 2594
395 2401
395 1692
395 2565
396 2162
396 1895
396 608
396 2896
396 2887
396 744
397 2255
397 2278
397 1500
397 2347
397 1522
398 3094
398 2757
398 1843
398 1106
398 2947
398 1702
399 1849
399 2193
399 957
399 1991
400 533
400 3222
400 1862
400 1298
400 1564
400 956
401 1417
401 1360
401 416
401 2741
401 2740
401 2314
402 2142
402 2846
402 1471
402 1331
402 2413
402 2439
403 1862
403 3144
403 3203
403 446
403 2393
403 3185
404 464
404 2706
404 2705
404 438
405 2179
405 928
405 1477
405 3017
406 759
406 2500
406 733
406 684
406 1296
407 1937
407 1946
407 1430
407 2967
407 2688
408 1908
408 2555
408 3092
408 1664
409 2987
409 2851
409 739
409 1529
409 2988
409 2986
410 1411
410 1083
410 754
410 656
410 1990
411 3217
411 2055
411 763
411 1791
411 1033
412 429
412 1449
412 1562
413 2299
413 450
413 2519
413 1532
414 1877
414 2444
414 886
414 2429
414 1128
414 1761
415 589
415 2533
415 1035
415 1146
416 1615
416 439
416 2707
416 2253
416 2740
416 1417
417 1836
417 2771
417 865
417 2845
417 2578
417 670
418 436
418 2317
418 1341
418 720
418 2873
418 980
419 3253
419 649
419 476
419 2602
419 1891
419 1102
420 1948
420 449
420 1933
420 1624
420 1365
420 1504
421 2452
421 2903
421 1152
421 3010
421 3009
421 1094
422 2237
422 3269
422 1319
422 1603
422 2867
423 3043
423 2084
423 1701
423 1452
423 1097
423 3149
424 1502
424 2446
424 1458
424 2526
424 2919
424 2171
425 3272
425 550
425 1554
425 2414
425 1081
426 2076
426 1376
426 1807
426 2887
426 1086
426 2129
427 2554
427 1217
427 2848
427 2114
427 2559
428 2404
428 2264
428 1439
428 1725
428 715
429 2721
429 2028
429 736
429 707
429 2153
430 504
430 2292
430 2844
430 2913
430 1656
431 955
431 498
431 2479
431 600
431 2352
432 1383
432 2376
432 2747
432 2669
432 3156
432 1762
433 1649
433 2868
433 2663
433 2064
433 453
433 2097
434 2641
434 2728
434 1655
434 486
434 827
434 1591
435 2221
435 1736
435 872
435 818
435 1670
435 1665
436 823
436 2694
436 2851
436 2873
436 2317
437 1722
437 1222
437 2922
437 2986
437 2558
438 1152
438 2705
438 2706
439 1417
439 985
439 2011
439 2936
440 490
440 1620
440 3047
440 2753
440 1303
440 1727
441 779
441 3134
441 960
441 2501
441 932
441 2812
442 584
442 3317
442 1842
442 2448
442 911
443 2390
443 833
443 497
443 1299
443 2406
443 857
444 1300
444 1494
444 1301
444 693
445 503
445 2631
445 2422
445 673
445 1293
445 2201
446 3173
446 2654
446 1544
446 1222
446 1296
446 1755
447 1144
447 2381
447 1733
447 1667
447 3248
448 2381
448 1470
448 2349
448 1361
448 1090
448 2436
449 1762
449 2957
449 910
449 2984
449 2067
449 1922
450 805
450 2299
450 1532
451 2887
451 2621
451 2196
451 930
451 2217
451 2244
452 2393
452 1654
452 652
452 2214
452 2218
452 2291
453 1617
453 3281
453 1480
453 2064
453 2782
453 3115
454 2479
454 1320
454 2780
454 2291
454 3000
455 475
455 2292
455 1656
455 1565
455 2496
456 1938
456 2045
456 2456
456 1598
456 2227
457 3136
457 3155
457 1366
457 3310
457 1377
458 2929
458 1887
458 3326
458 2357
458 2358
458 2431
459 741
459 1099
459 1420
459 1823
459 576
460 2775
460 1973
460 691
460 1635
460 1112
460 1663
461 2457
461 2627
461 2445
461 1043
461 1161
462 2447
462 2025
462 1027
462 3166
462 3318
463 741
463 2545
463 3145
463 955
463 2904
463 904
464 1292
464 1222
464 1752
464 1136
464 1940
465 2656
465 2661
465 1756
465 2346
466 2228
466 1376
466 1634
466 1510
466 1359
466 3138
467 1924
467 550
467 782
467 2945
468 2089
468 680
468 3315
468 2101
469 1072
469 911
469 3099
469 624
469 1478
469 2262
470 2445
470 1982
470 1425
471 3023
471 2554
471 2588
471 2604
471 1676
471 713
472 2332
472 1027
472 541
472 3274
472 1551
473 1553
473 3210
473 2156
473 2975
473 2550
473 2202
474 2841
474 2384
474 3056
474 3017
474 3202
474 1371
475 1656
475 676
475 1565
475 2496
476 1891
476 2203
476 974
476 1102
476 2602
477 2938
477 1281
477 1662
477 2088
477 2127
477 2841
478 545
478 1891
478 3150
478 3231
478 1280
479 1739
479 3272
479 3105
479 833
479 1715
479 3267
480 2309
480 1211
480 1021
480 571
480 1953
480 1370
481 2630
481 747
481 783
481 1216
481 516
481 1692
482 2762
482 2301
482 3276
482 2453
482 3033
482 938
483 2401
483 813
483 1585
483 2020
483 2623
483 2624
484 1531
484 2611
484 2262
484 2610
484 1210
484 2612
485 3018
485 3146
485 2066
485 1052
485 1256
486 1883
486 1398
486 768
486 3132
486 509
486 3308
487 2385
487 3126
487 699
487 1861
487 3304
487 981
488 2519
488 2650
488 2469
488 1494
488 1179
488 2015
489 2304
489 3026
489 2613
489 587
489 2258
489 2832
490 1394
490 990
490 601
490 1207
490 1727
491 3164
491 2286
491 749
491 3266
491 2028
492 2522
492 895
492 941
492 2064
492 627
492 2839
493 2717
493 2821
493 2151
494 1620
494 3294
494 1683
494 2977
494 2025
495 2856
495 633
495 2475
495 2348
495 2825
496 2263
496 1905
496 861
496 1754
496 2351
496 933
497 1799
497 3082
497 2031
497 905
497 832
497 1779
498 2105
498 1001
498 2479
498 600
499 765
499 1542
499 2594
499 788
499 1580
499 2274
500 3249
500 3298
500 1809
500 949
501 2478
501 1396
501 2330
501 1011
501 1944
502 2208
502 1407
502 2078
502 2349
502 1840
503 1461
503 2587
503 823
503 589
503 1275
504 670
504 624
504 1836
504 865
504 2578
505 656
505 607
505 2140
505 2548
505 1609
506 2537
506 1160
506 3308
506 2694
506 1035
507 3297
507 2834
507 1692
508 2040
508 2367
508 1809
508 3140
508 2180
509 1362
509 3176
509 3090
509 2891
509 3228
510 2828
510 1261
510 2827
510 2826
511 1667
511 2203
511 3050
511 625
511 1334
511 2376
512 620
512 1987
512 2439
512 2413
512 611
512 2605
513 3176
513 1990
513 3261
513 3091
514 2391
514 3252
514 647
514 1129
514 2809
514 2810
515 2798
515 942
515 3299
515 774
515 1383
515 1498
516 1932
516 1935
516 1949
516 1679
516 1280
516 2610
517 1133
517 3203
517 2131
518 2704
518 1313
518 2057
518 3246
518 1718
519 678
519 1935
519 3148
519 3048
519 3146
519 3147
520 1064
520 1080
520 2005
520 1446
520 1584
521 1621
521 2439
521 2413
521 620
521 1987
521 964
522 2796
522 2208
522 2769
522 2895
522 1830
523 2530
523 2989
523 2214
523 1840
523 2349
523 771
524 806
524 1549
524 2787
524 2938
524 1537
524 2788
525 1642
525 2444
525 1559
525 1501
525 681
526 920
526 2163
526 1085
526 2335
526 3314
526 638
527 691
527 1122
527 2047
527 2991
527 2664
528 2783
528 2097
528 1499
528 2064
528 3073
529 1331
529 2577
529 2239
529 1499
530 760
530 1459
530 1621
530 1213
530 973
530 3312
531 1027
531 2610
531 1588
531 742
531 2185
531 1437
532 1276
532 3324
532 1944
532 1843
533 2922
533 1102
533 2691
533 1339
533 2690
534 2986
534 720
534 1174
534 1263
535 2533
535 2379
535 641
535 2402
535 946
535 1584
536 2773
536 1867
536 688
536 2446
536 2908
537 3147
537 727
537 2172
537 2000
537 2566
537 695
538 3251
538 632
538 1568
538 3313
538 784
538 623
539 2324
539 1706
539 3313
539 830
539 697
540 2210
540 2910
540 1945
540 771
540 2911
540 555
541 2269
541 1551
541 2745
541 1704
541 738
542 2750
542 2911
542 738
542 2295
542 1020
543 1124
543 865
543 1138
543 2783
543 2165
543 2578
544 3085
544 1532
544 2302
544 2626
545 1899
545 2100
545 1159
545 2278
545 1854
546 1752
546 937
546 2739
546 662
546 3277
546 2423
547 819
547 1200
547 1423
547 1455
547 2734
548 1950
548 2191
548 1668
548 2565
548 1566
549 2546
549 2782
549 2566
549 3178
549 1238
550 2275
550 634
550 2903
550 2631
550 2497
551 1513
551 1195
551 749
552 2885
552 2180
552 2789
552 3245
552 2149
553 2831
553 601
553 1039
553 1792
553 2700
553 2677
554 1841
554 1679
554 1902
554 1911
554 786
554 1790
555 2210
555 1959
555 2476
555 2910
555 1945
556 3083
556 872
556 1257
556 2221
556 3198
556 1041
557 2595
557 725
557 715
557 2821
557 2151
558 591
558 2414
558 1527
558 2087
559 3136
559 3135
559 1901
559 1467
560 2156
560 658
560 1945
561 716
561 1600
561 1180
561 876
561 2581
561 2580
562 2198
562 2009
563 3046
563 2154
563 3252
563 2921
563 1939
563 2100
564 3147
564 1477
564 1418
564 3216
564 3048
564 678
565 1222
565 3128
565 2434
565 2208
565 2369
565 964
566 3048
566 2646
566 2815
566 1410
566 2515
567 1970
567 2203
567 642
567 2486
567 3120
567 3221
568 1922
568 1689
568 2273
568 1839
568 3023
569 1699
569 1272
569 2825
569 1426
569 3153
569 573
570 3235
570 2914
570 2942
570 1786
571 596
571 1370
571 3320
571 2889
572 1621
572 1222
572 3323
572 877
572 1379
573 1699
573 3153
573 1272
573 2825
573 1426
574 2232
574 1109
574 2298
574 2571
574 1518
575 2446
575 2308
575 611
575 2605
575 2208
576 1289
576 1420
576 757
576 2099
577 3324
577 1078
577 2100
577 3217
578 2043
578 1083
578 2367
578 1184
578 2186
578 2790
579 2819
579 1410
579 1371
579 2815
579 674
579 1233
580 1655
580 2966
580 1871
581 3311
581 593
581 2793
581 1189
581 1787
582 2921
582 3046
582 2154
582 3215
582 2189
583 591
583 1938
583 2457
583 3150
583 2384
584 1977
584 1384
584 1842
584 1039
584 2606
584 2531
585 2244
585 745
585 1740
585 1118
585 2398
586 2886
586 1644
586 1377
586 2475
586 2313
587 3157
587 1449
587 2498
588 677
588 2520
588 1275
589 3096
589 2751
589 3283
589 2587
589 2922
590 798
590 1686
590 1049
590 1233
590 2206
591 3083
591 2457
591 2414
591 1527
592 2894
592 881
592 1211
592 2417
592 2571
592 2698
593 1720
593 2652
593 664
593 1017
593 1213
593 2438
594 2854
594 1367
594 2947
594 1344
594 2917
595 2296
595 1455
595 2528
595 3216
595 1701
596 2452
596 2088
596 3191
596 2980
596 1152
597 1014
597 3035
597 977
597 1762
597 3174
598 2792
598 2375
598 3111
598 2443
598 3176
599 933
599 2836
599 1245
599 2897
599 2359
600 2479
600 1001
600 2105
601 1985
601 1781
601 3302
601 736
602 1855
602 2031
602 2543
602 958
602 1858
603 1526
603 2142
603 1414
603 1471
603 2954
603 682
604 2461
604 979
604 1627
604 3176
604 727
604 692
605 3029
605 3147
605 859
605 1485
605 2391
605 2683
606 2618
606 2517
606 1991
606 1889
606 1090
606 930
607 684
607 1609
607 745
607 2869
607 2870
607 1143
608 2801
608 2291
608 2895
608 2889
608 2119
609 2124
609 2999
609 684
609 3149
609 2839
609 1006
610 1552
610 2278
610 3317
610 771
611 2208
611 2439
611 2413
611 1987
611 2605
612 3149
612 1316
612 3313
612 684
612 2804
613 3287
613 2104
613 3286
613 2603
613 1540
613 1667
614 1528
614 1538
614 849
615 1531
615 3216
615 1072
615 1309
615 1113
615 3211
616 622
616 2416
616 912
616 2418
617 2290
617 2244
617 831
617 2400
617 619
618 1099
618 1062
618 1179
618 2103
618 675
619 2087
619 987
619 2244
619 2290
619 626
620 2413
620 1987
620 2439
620 2605
621 1470
621 1271
621 1790
621 2457
622 1708
622 1117
622 912
622 1605
623 3251
623 3313
623 1568
623 632
623 784
624 3139
624 2578
624 1335
624 3153
624 865
625 2766
625 1204
625 1692
626 2374
626 2987
626 2659
626 1028
626 2414
627 1492
627 1761
627 2936
627 1128
628 3323
628 1274
628 2942
628 2045
629 1641
629 1666
629 912
629 2092
629 1407
629 2577
630 1593
630 992
630 1757
630 2319
630 1751
631 1956
631 2964
631 2625
631 872
631 768
632 2948
632 2550
632 1589
633 2825
633 2465
633 2264
633 1470
633 3287
634 3051
634 3009
634 3010
634 782
635 1456
635 1951
635 1840
635 2909
635 1529
635 1370
636 2341
636 1100
636 961
636 3258
636 3144
636 2904
637 2562
637 947
637 2440
637 2463
637 808
638 923
638 1307
638 1455
638 2218
638 952
639 1420
639 1279
639 2566
639 747
639 1610
639 2378
640 759
640 2135
640 1935
640 1147
640 1252
641 3308
641 2380
641 2945
641 751
641 1446
642 2464
642 1515
642 2750
642 822
642 3120
643 2347
643 2398
643 1741
643 2887
644 2868
644 2785
644 2023
644 895
644 2282
645 2902
645 3185
645 2392
645 2778
645 1092
646 2851
646 1206
646 3041
646 720
646 2800
647 2602
647 2025
647 2100
647 1939
647 1437
648 2919
648 3291
648 939
648 1059
648 2573
649 2602
649 2562
649 974
649 808
649 2450
650 1097
650 2633
650 2356
650 2584
650 2136
651 3142
651 727
651 1682
652 2391
652 1578
652 1654
653 3216
653 2702
653 805
653 717
653 3311
654 2339
654 1452
654 2009
654 1741
655 1715
655 1632
655 687
655 3201
655 3200
656 1687
656 3271
656 1658
656 1783
657 1590
657 829
657 2604
657 1360
657 658
658 2984
658 1922
658 2096
659 990
659 2946
659 2457
659 2796
660 1533
660 2795
660 3308
660 2933
661 1986
661 1439
661 1587
661 2638
661 1831
662 996
662 1540
662 1845
662 2012
663 2536
663 966
663 1255
663 2386
663 756
663 2499
664 2154
664 1017
664 3023
664 2438
664 1203
665 2294
665 1038
665 3185
665 2698
665 2260
666 1983
666 2138
666 3081
666 1487
666 1491
666 3140
667 1079
667 2469
667 3101
667 1530
668 2919
668 2443
668 1275
668 1255
668 2852
668 2387
669 1854
669 3287
669 1308
669 1377
669 2630
670 1565
670 1836
670 2578
670 2845
670 865
671 3056
671 1960
671 1877
672 2391
672 1156
672 1738
673 3236
673 2499
673 1642
673 2445
673 1293
673 3261
674 1410
674 1704
674 1408
675 2828
675 2103
675 940
675 2654
675 1222
675 1755
676 1952
676 809
676 1565
676 2496
677 1398
677 2443
677 1275
678 2606
678 2816
678 1562
678 3048
678 1449
678 2817
679 2560
679 1531
679 2945
679 2572
679 2498
679 1043
680 2678
680 818
680 2293
681 988
681 1695
681 1559
681 2577
681 1501
682 2369
682 1376
682 1414
682 2228
682 2954
683 3287
683 2628
683 3111
683 3091
683 1903
683 1542
684 3313
684 3061
684 3149
684 2999
684 1006
685 3152
685 1980
685 2042
685 896
685 1194
685 3313
686 1331
686 2842
686 2868
686 2827
686 2021
687 1008
687 1200
687 3200
688 2403
688 2341
688 704
688 2436
689 1803
689 2255
689 1694
689 1241
690 3007
690 2058
690 2939
690 1111
690 2948
690 1287
691 2047
691 1703
691 1617
691 2783
691 2823
691 2396
692 2905
692 727
692 2461
693 1301
693 1872
693 2655
693 886
693 2182
694 2562
694 2262
694 1443
694 3294
694 1967
695 3081
695 1819
695 3191
695 2172
695 1682
696 1813
696 2297
696 2358
696 2352
697 3107
697 2067
697 2043
697 3106
697 2222
698 2163
698 2617
698 2453
699 2675
699 2592
699 3126
699 1598
699 1719
700 2190
700 2572
700 902
700 2269
701 3288
701 953
701 2554
701 1905
701 2374
702 1415
702 2485
702 2773
702 2928
702 2772
703 1303
703 2332
703 2269
703 1704
704 2747
704 2341
704 2696
704 3231
704 737
705 3182
705 3176
705 2573
705 1947
705 3193
706 2029
706 3313
706 2772
706 2485
706 2773
706 1784
707 3029
707 2534
707 2721
707 1939
708 2656
708 1906
708 1863
708 1568
708 1808
709 1961
709 2650
709 2571
709 1703
709 2795
710 900
710 2755
710 1159
710 2754
710 2086
711 3007
711 2727
711 1111
711 3103
711 3102
712 1792
712 1695
712 1177
713 2209
713 1676
713 2604
713 2554
713 2588
714 1968
714 3044
714 943
714 3069
714 2010
715 1439
715 2264
715 2404
715 2405
716 2581
716 1058
716 876
716 2776
717 2704
717 2170
717 3311
717 2702
718 914
718 2156
718 824
718 906
718 3091
719 2006
719 1494
719 2964
719 2759
719 1400
719 2039
720 2317
720 3199
720 2851
720 1341
720 3123
720 2873
721 1204
721 2608
721 1679
721 2318
721 2952
722 2072
722 977
722 2862
722 3107
722 3195
722 2982
723 2340
723 1502
723 1367
723 1720
723 2219
723 2796
724 2130
724 2156
724 2569
724 2848
724 1740
724 982
725 2520
725 1871
725 1144
725 2475
725 2381
725 2348
726 2747
726 1441
726 2669
726 2072
726 898
727 1379
727 2172
727 1242
728 1007
728 3310
728 2378
728 1218
728 1186
729 1620
729 1102
729 2750
730 2767
730 2986
730 1722
730 1529
730 1951
730 2985
731 2957
731 2885
731 2686
731 2385
731 2310
731 2618
732 1146
732 2490
732 1250
733 3200
733 2337
733 831
733 2819
734 998
734 738
734 3304
734 2516
734 3314
734 1651
735 2384
735 1473
735 1497
735 1940
735 1581
736 3018
736 1924
736 3294
736 1039
736 2562
736 2463
737 3090
737 897
737 2277
737 2422
738 1085
738 2945
738 2722
739 2988
739 1722
739 1529
739 2987
739 1341
739 2986
740 1380
740 742
740 2009
740 1416
741 2629
741 1099
741 1405
742 1372
742 1416
742 2009
743 2218
743 2109
743 2191
743 1926
743 1074
744 1424
744 1649
744 2253
744 2466
744 2235
745 2663
745 2398
745 831
746 2270
746 2558
746 2420
746 3028
746 2422
747 2568
747 1145
747 803
747 1723
748 2777
748 1684
748 2994
748 1619
748 2373
748 1436
749 1624
749 3060
750 2438
750 1455
750 2778
750 1065
750 900
750 1785
751 2402
751 1574
751 1446
751 2534
752 2464
752 3029
752 1204
752 782
752 3146
753 2889
753 1361
753 1947
753 3093
754 1996
754 3235
754 2764
754 906
754 2893
755 1921
755 1592
755 2398
755 2230
755 2488
755 1214
756 1171
756 2499
756 1394
756 2386
757 2629
757 1289
757 1420
757 2099
758 1886
758 2043
758 2443
758 2795
759 1486
759 2698
759 1928
759 2862
759 2723
760 1079
760 3240
760 2469
760 1707
760 1555
761 1878
761 1621
761 2937
761 1028
761 2375
762 3231
762 2656
762 965
762 1147
762 2430
762 2816
763 3075
763 3282
763 1216
763 2918
764 1622
764 3135
764 2144
764 1264
764 976
764 2372
765 1879
765 788
765 2274
765 985
765 1508
766 1218
766 3068
766 1037
766 1868
766 1186
767 2906
767 1321
767 3230
767 1153
768 1494
768 982
768 1956
768 2964
768 2645
768 1473
769 2148
769 3096
769 2837
769 2572
769 1866
769 1843
770 1021
770 1202
770 2633
770 2647
770 1591
771 1116
771 2448
771 3039
771 2210
771 2911
772 2820
772 1430
772 2958
772 1546
773 2475
773 1923
773 2404
773 2264
773 2405
774 1417
774 1498
774 1383
774 3299
775 1195
775 1724
775 2142
775 3116
775 2784
776 1126
776 1532
776 1915
777 856
777 1565
777 1311
778 1769
778 1959
778 1996
778 2296
778 893
779 3261
779 1520
779 932
779 2618
779 3134
779 2498
780 1387
780 3077
780 1930
780 1693
781 2905
781 2793
781 1139
781 3285
781 2652
782 1216
782 1693
782 3146
783 2483
783 2835
783 2534
783 2296
784 2929
784 1726
784 3251
784 3110
784 3109
784 3113
785 2794
785 1397
785 1373
785 2262
785 3161
786 2469
786 1139
786 3285
786 2793
786 900
787 1742
787 1602
787 1732
788 1559
788 3315
788 2274
788 3262
789 3184
789 2699
789 3176
789 3177
790 2729
790 1020
790 1545
790 921
790 3026
790 1000
791 1818
791 2041
791 3094
791 2334
791 2309
791 2333
792 2263
792 1784
792 2982
792 3131
792 2231
793 1255
793 2046
793 916
793 995
793 925
794 2153
794 1405
794 1357
794 1554
794 1824
795 1391
795 1242
795 1327
795 2533
795 2308
796 3150
796 1622
796 2196
796 2621
797 3251
797 1863
797 1726
797 2368
798 2206
798 1304
799 3262
799 1483
799 1640
799 827
799 2797
800 1460
800 3313
801 909
801 1529
801 1391
801 2756
801 2194
802 1959
802 2197
802 3216
802 1854
802 1573
803 2344
803 1723
803 1693
803 1461
803 939
804 939
804 2540
804 1776
804 1864
805 1915
805 2295
805 2017
805 1561
806 1187
806 2788
806 1537
806 2938
806 2787
807 2824
807 1490
807 1118
807 941
807 3259
807 1219
808 2184
808 3294
808 1472
808 2562
809 1354
809 2498
809 1303
810 2153
810 1628
810 3188
810 3152
810 1913
811 2688
811 1970
811 1475
811 3265
811 1792
812 1939
812 2602
813 2623
813 1585
813 2624
813 2020
814 1902
814 1896
814 3311
814 2114
814 1108
815 1322
815 2721
815 2069
815 3211
816 1396
816 2426
816 2427
816 1825
817 951
817 998
817 3177
817 1638
818 2336
818 1587
818 3274
818 1533
818 2356
818 2633
819 3317
819 2134
819 1455
819 2734
820 1458
820 1972
820 2848
820 2005
820 1388
820 2464
821 2452
821 1385
821 1536
821 1964
821 2220
821 1046
822 2464
822 1474
822 1522
822 928
823 1456
823 3151
823 3083
823 2317
824 2241
824 1124
824 906
824 3091
825 2803
825 1434
825 1144
825 2877
825 2381
825 3161
826 3209
826 2110
826 877
826 2526
826 1463
826 1458
827 2234
827 1157
827 2147
827 2421
828 1871
828 1001
828 1255
828 3006
828 2537
829 1082
829 3273
829 863
829 1266
829 2411
830 3116
830 1024
830 1827
830 2135
830 2692
831 2797
831 2396
831 1640
832 1779
832 3313
832 1130
832 2445
833 2005
833 2773
833 1803
833 3272
833 3011
833 1739
834 2393
834 2123
834 2701
834 2935
834 1091
834 1328
835 2600
835 2238
835 2181
835 3289
836 1337
836 1866
836 2505
836 2136
837 2872
837 2587
837 2108
837 2589
838 1028
838 2580
838 3260
838 2011
838 1142
839 1635
839 1879
839 1429
839 3074
839 2487
840 1549
840 2114
840 1780
840 2477
840 1705
840 1560
841 2022
841 1513
841 1192
841 1459
841 3240
842 2493
842 1456
842 3320
842 1963
843 2619
843 2109
843 2551
843 2579
844 1327
844 2053
844 2409
844 2778
844 1154
845 2593
845 1886
845 1056
846 2443
846 2628
846 1275
846 1931
846 1728
847 1429
847 1587
847 1399
847 1398
847 1875
848 2935
848 2443
848 3123
848 3151
848 2922
849 2541
849 2414
849 1747
850 941
850 976
850 2878
850 3190
851 2126
851 2088
851 1349
851 929
851 1509
851 2172
852 3137
852 2180
852 2317
853 2231
853 2909
853 3231
853 2240
853 2252
853 3232
854 2252
854 2088
854 1247
854 1207
855 2540
855 2964
855 1860
855 1092
855 1956
856 1560
856 1549
856 1705
856 1780
857 2077
857 965
857 2406
857 1299
858 968
858 1803
858 2321
858 881
858 2124
859 3130
859 1660
859 1678
859 2391
859 1785
860 2441
860 2177
860 3020
860 3296
860 2497
861 2351
861 1171
861 2178
861 1977
861 1905
862 3315
862 1298
862 2895
862 1269
862 2159
863 2253
863 2604
863 2588
863 1266
863 1360
864 2208
864 1211
864 2371
864 1346
864 1091
864 2874
865 2845
865 1836
865 2771
865 2578
866 3155
866 3182
866 2333
866 3239
866 2071
866 2473
867 1883
867 1367
867 3308
867 2039
868 2039
868 897
868 2663
868 3182
868 1508
868 2038
869 1619
869 1436
869 2777
869 2994
869 1684
870 1363
870 2019
870 2686
870 1000
870 1334
871 1971
871 2894
871 881
871 2652
871 1042
871 1001
872 2797
872 3126
872 3083
872 1665
872 2764
873 3015
873 1632
873 3064
873 3225
874 1331
874 2805
874 1325
874 2862
875 2925
875 3279
875 1989
875 1996
875 2286
875 2797
876 1600
876 2580
876 1180
876 2581
877 1621
877 940
877 1379
877 1155
878 3260
878 2231
878 1524
878 2313
878 1665
879 1732
879 927
879 2150
879 1068
880 2916
880 3280
880 2013
880 1740
880 3313
880 1443
881 2320
881 1864
881 1222
881 2698
881 2228
882 2345
882 2544
882 1540
882 1085
882 2246
883 1906
883 1803
883 2642
883 1227
884 1687
884 1108
884 1172
884 2512
884 2548
885 2895
885 2737
885 1062
886 2655
886 2862
886 2868
886 1872
886 2182
887 1084
887 1644
887 2174
887 1327
887 936
888 1009
888 3061
889 1910
889 973
889 2961
889 1028
889 2129
890 1775
890 2454
890 3020
890 2304
891 944
891 1493
891 1692
891 2471
891 1108
892 2386
892 2796
892 2613
892 2646
892 2794
893 1141
893 2729
893 1685
893 2318
893 2008
894 2142
894 1364
894 1668
894 1973
895 2282
895 2785
895 2023
896 2206
896 3057
896 2443
897 917
897 1635
897 2053
897 3090
898 1334
898 2796
898 2085
898 1726
898 1931
899 2359
899 3200
899 2123
899 1066
899 1706
899 907
900 1309
900 1072
900 1139
900 2309
901 3189
901 2724
901 1428
901 1810
901 3037
902 1003
902 1216
902 957
902 2572
903 1277
903 1074
903 1370
903 1837
903 1769
903 2725
904 1285
904 3173
904 3172
904 3169
904 1330
904 3170
905 2101
905 2719
905 2113
905 1484
906 2460
906 2459
906 2461
907 2270
907 2965
907 2500
907 1706
908 1362
908 2052
908 1527
908 1497
909 1503
909 1062
909 2778
909 3085
909 2803
909 2392
910 1454
910 1530
910 3297
910 1830
911 1256
911 2448
911 2054
911 1919
911 3060
911 2278
912 1708
912 1117
913 2862
913 1526
913 2409
913 2615
913 2078
913 1144
914 2504
914 2392
914 3235
914 3090
914 1794
915 1949
915 3244
915 2918
915 1554
915 2301
915 1926
916 1088
916 3311
916 995
916 925
917 2655
917 2853
917 2685
917 1036
917 2660
918 1306
918 1556
918 3072
918 2175
918 1955
919 3290
919 1425
919 3310
920 3077
920 3024
920 2901
920 1930
920 2163
921 2059
921 3077
921 3026
921 1919
921 1147
922 1924
922 1246
922 2776
923 1256
923 1101
923 1164
923 3171
923 2450
924 2845
924 2578
924 2610
925 3216
925 3139
925 995
926 3011
926 2133
926 1752
926 2180
926 934
927 2973
927 2903
927 2150
927 1068
928 2269
928 2636
928 2745
929 1905
929 1977
929 1443
930 2736
930 2196
930 2621
930 2244
930 2217
931 1607
931 2377
931 1567
931 2166
931 2199
931 1025
932 2812
932 2062
932 2359
932 2318
933 1450
933 3251
933 1905
933 1977
934 1616
934 1374
934 2180
934 1752
935 1480
935 2590
935 3116
936 1264
936 1987
936 2128
936 2174
937 2053
937 2248
937 1621
937 1580
937 2782
937 2093
938 2255
938 1093
938 1936
938 3272
938 3276
939 1776
939 1801
940 1222
940 2410
940 1379
940 2737
940 2738
941 3259
941 1118
941 1219
941 2281
942 3084
942 1224
942 2133
942 3035
942 2343
943 1090
943 970
943 2010
943 1554
943 3044
944 2078
944 1817
944 971
945 2209
945 3016
945 1854
945 3243
945 1530
946 1456
946 1003
946 2402
946 2379
946 1584
947 3147
947 2920
947 2544
947 1578
947 1716
948 2502
948 1034
948 2064
948 2319
948 992
948 2542
949 3298
949 2619
950 1885
950 1953
950 3095
950 1577
950 2393
950 3318
951 1521
951 3146
951 1638
952 2259
952 2334
952 1899
952 3217
952 2943
953 2641
953 2735
953 1831
954 1411
954 2366
954 2072
954 3108
954 1286
954 1543
955 1091
955 2479
955 3145
956 2956
956 1027
956 2872
956 1461
957 1991
957 1003
958 2254
958 1675
958 2031
958 1858
959 1170
959 1428
959 3075
959 3208
959 970
959 1949
960 2907
960 1354
960 2501
960 2812
961 1699
961 3173
961 1928
961 3045
961 2392
962 1703
962 2417
962 1511
963 1005
963 2521
963 1114
963 3158
963 2199
963 1342
964 2208
965 2663
965 2064
965 2021
965 1617
966 988
966 1883
966 2520
966 2678
966 3308
966 2224
967 2106
968 1343
968 993
968 1157
968 2234
968 1943
968 2829
969 3013
969 2868
969 1020
969 3120
970 2010
970 3075
970 3208
970 1949
971 1455
971 2529
971 1896
971 1412
972 1019
972 2355
972 1300
972 1275
972 2248
973 3190
973 3111
973 2178
973 1373
973 2469
974 1565
974 1620
974 1891
974 1836
975 1900
975 1821
975 2509
975 1295
975 1061
976 1222
976 1264
976 2392
976 2354
976 2372
977 2725
977 2305
977 2699
977 1855
978 1128
978 2784
978 2281
978 2991
979 2587
979 3090
979 2423
979 2461
980 2456
980 3221
980 1645
980 2871
980 2098
981 2108
981 2385
981 1188
981 1168
981 2675
982 1581
982 3299
982 1697
982 1383
982 1956
983 2856
983 1092
983 2103
983 2131
983 1174
983 1662
984 3255
984 1564
984 1662
984 3085
984 1556
985 1112
985 3300
985 1831
985 1617
986 2419
986 1641
986 2032
986 1328
987 2240
987 3313
987 1974
988 1124
988 1556
988 1533
988 2522
989 3152
989 1989
989 1280
990 2568
990 1223
990 1207
991 1077
991 2013
991 1919
991 1631
992 2542
992 1751
992 2319
993 2774
993 2829
993 2097
993 2435
993 2967
993 2775
994 2124
994 2900
994 2102
994 1130
994 2735
994 2676
995 1456
996 2064
996 1928
996 1567
996 2784
996 3116
996 2115
997 2433
997 1482
997 1701
997 1534
997 2966
997 1078
998 1515
998 2618
998 2317
998 3314
999 2889
999 1864
999 2654
999 1754
999 1882
999 1062
1000 2052
1000 3026
1000 1545
1001 2894
1001 1500
1001 1269
1001 2105
1002 2249
1002 2734
1002 1423
1002 1200
1002 1455
1003 2572
1003 1216
1003 3096
1003 1991
1004 1562
1004 1077
1004 3141
1004 3216
1004 3288
1005 2768
1005 1796
1005 1816
1005 2769
1005 1661
1005 2272
1006 2762
1006 2502
1006 3149
1006 2999
1007 3175
1007 2644
1007 1389
1008 3248
1008 1503
1008 1674
1008 1867
1009 1986
1009 2784
1009 2681
1009 2444
1010 1825
1010 2657
1010 1275
1010 2650
1010 1703
1011 2478
1011 1944
1011 2330
1012 2429
1012 2698
1012 3300
1012 2300
1013 2637
1013 2416
1013 2418
1014 1403
1014 1531
1014 2724
1014 2452
1014 1323
1015 2792
1015 1454
1015 2783
1016 1869
1016 1251
1016 1866
1016 3043
1017 1203
1017 1213
1017 2438
1018 2362
1018 2513
1018 1129
1018 2514
1018 3241
1018 1032
1019 2638
1019 1429
1019 1587
1019 1875
1019 2110
1020 3018
1020 2295
1021 1985
1021 2589
1021 1188
1021 2108
1022 1302
1022 2206
1022 2317
1022 3057
1022 3059
1023 1188
1023 2694
1023 1167
1023 1894
1025 2064
1025 1928
1025 1034
1025 2319
1026 2770
1026 1390
1026 1788
1026 1513
1026 2251
1027 2025
1027 2447
1027 3166
1027 3318
1028 2510
1028 2297
1028 1848
1028 2284
1029 2145
1029 2969
1029 2498
1029 1959
1029 3001
1029 1564
1030 2462
1030 1971
1030 2442
1030 2687
1031 1115
1031 2604
1031 2613
1031 2329
1031 2559
1031 2554
1032 3320
1032 1129
1032 2514
1032 2513
1032 3241
1033 1791
1033 2055
1033 2819
1034 2520
1034 2475
1035 1051
1035 1482
1035 2966
1035 2703
1035 1206
1036 1542
1036 1124
1036 2685
1036 2853
1037 3310
1037 3068
1037 1218
1037 1868
1037 1186
1038 1381
1038 3150
1038 1275
1038 1250
1038 1334
1039 1924
1039 1364
1039 2531
1040 1612
1040 1421
1040 1284
1040 2242
1040 1546
1040 2877
1041 3311
1041 2229
1041 2625
1042 3144
1042 1800
1042 1100
1042 2477
1042 2351
1042 2894
1043 2652
1043 2498
1044 2087
1044 1144
1044 2888
1044 1395
1044 2323
1044 3191
1045 1221
1045 2054
1045 3252
1045 3253
1046 2054
1046 1536
1046 1385
1046 2452
1046 2220
1047 1822
1047 3237
1047 2735
1048 2667
1048 1744
1048 3174
1048 1073
1048 1610
1049 2981
1049 1461
1049 1620
1049 1970
1050 1192
1050 2793
1050 2961
1050 2209
1051 2703
1051 2706
1051 1206
1051 2966
1051 2704
1052 3009
1052 2798
1052 1531
1053 1211
1053 3289
1053 2181
1054 2626
1054 2594
1054 2128
1054 2650
1054 2045
1055 1617
1055 1084
1055 3152
1055 1488
1055 1896
1056 1939
1056 1787
1056 1886
1056 2593
1057 1807
1057 3095
1057 3186
1057 2129
1057 1880
1058 2580
1058 3002
1059 1742
1059 1991
1059 2148
1060 1547
1060 1338
1060 1145
1060 2098
1060 1645
1061 1295
1061 1367
1061 1217
1061 2796
1062 3242
1062 3144
1062 1882
1062 2103
1063 2031
1063 2981
1063 2543
1063 1858
1063 1675
1064 2356
1064 2336
1064 2527
1065 2847
1065 2253
1065 2314
1065 1263
1065 2267
1066 2644
1066 1528
1066 3203
1066 1432
1067 1901
1067 1520
1067 3261
1067 1305
1067 3021
1068 1790
1068 2132
1068 2150
1069 2037
1069 2354
1069 1391
1069 2503
1069 1695
1069 2504
1070 3025
1070 2614
1070 2386
1071 2782
1071 3141
1071 2822
1072 1788
1072 2611
1072 1113
1073 1227
1073 3303
1073 1095
1074 1237
1074 1431
1074 1784
1074 2231
1074 2773
1074 1277
1075 2237
1075 1319
1075 2291
1076 2798
1076 1568
1076 2908
1076 2364
1076 2453
1076 3272
1077 3157
1077 2688
1077 3018
1077 1919
1077 2646
1078 2297
1078 2284
1078 2510
1078 1848
1079 2469
1079 3101
1079 1555
1080 2595
1080 3209
1080 3087
1080 1446
1080 1434
1080 1348
1081 1391
1081 1246
1081 2493
1082 2411
1082 1266
1082 1505
1083 2940
1083 1709
1083 1687
1083 1783
1083 2948
1084 2669
1084 2929
1084 2133
1084 2343
1085 3139
1085 1992
1085 3244
1085 1271
1085 2215
1086 2129
1086 1674
1086 2369
1087 2339
1087 1324
1087 2440
1087 2229
1087 2532
1087 1978
1088 2200
1088 2795
1088 1176
1089 1955
1089 1306
1089 3180
1089 1400
1089 2535
1090 2734
1090 2381
1090 1715
1091 3145
1091 1346
1091 2371
1091 2874
1092 2904
1092 2893
1092 1579
1092 3185
1092 1174
1092 3324
1093 2733
1093 2161
1093 1990
1093 1890
1093 2424
1094 2275
1094 3009
1094 2900
1094 2903
1094 3051
1094 1162
1095 2263
1095 3219
1095 1553
1095 1237
1096 1986
1096 1607
1096 2110
1096 1580
1096 2361
1097 2645
1097 2798
1098 1647
1098 2897
1098 2981
1098 2540
1098 2074
1098 1692
1099 2946
1099 1530
1099 1179
1099 1707
1100 1376
1100 1839
1100 1526
1101 1144
1101 2965
1101 2381
1101 1478
1102 2203
1102 1891
1102 2602
1103 2911
1103 1116
1103 2210
1103 2670
1103 2448
1104 2690
1104 2871
1104 1722
1104 2273
1104 1606
1104 2800
1105 1630
1105 2709
1105 1894
1105 1167
1105 1901
1106 1947
1106 3094
1106 2757
1106 3039
1107 2911
1107 2496
1107 2609
1107 1735
1107 1586
1108 1169
1108 2471
1108 2087
1109 1887
1109 1965
1109 2634
1109 1799
1109 3227
1110 2730
1110 1410
1110 1952
1110 1364
1110 2550
1111 2727
1111 2939
1111 3007
1112 1731
1112 2064
1112 2784
1112 1617
1113 1309
1113 3211
1113 3284
1114 1757
1114 2319
1114 3263
1115 3154
1115 2891
1115 1362
1116 2911
1116 2210
1116 3317
1116 2448
1116 2910
1117 2637
1117 1605
1117 1708
1118 3280
1118 1219
1118 3259
1119 3129
1119 2888
1119 1577
1119 2540
1120 2889
1120 2434
1120 1319
1120 1659
1121 1185
1121 1888
1121 1621
1121 1321
1122 2047
1122 2664
1122 2474
1122 2991
1123 1553
1123 1552
1123 3035
1123 1855
1124 1580
1124 2499
1124 1837
1124 2324
1125 1841
1125 2796
1125 1766
1125 2884
1125 1902
1126 1994
1126 2786
1126 2226
1126 1644
1126 2821
1127 1711
1127 3085
1127 1911
1127 1144
1127 2901
1128 1877
1128 1761
1128 2429
1129 2304
1129 1515
1129 1521
1129 2514
1130 2678
1130 1399
1130 2676
1130 2445
1130 2901
1131 2625
1131 1965
1131 1875
1131 1759
1131 1625
1131 1853
1132 1522
1132 2374
1132 3288
1133 3180
1133 2352
1133 2107
1134 1485
1134 2033
1134 1629
1134 2400
1135 2683
1135 2464
1136 2905
1136 2233
1136 1928
1136 2129
1136 1885
1137 2185
1137 1694
1138 2766
1138 1568
1138 2680
1138 2231
1139 3183
1139 2223
1139 1766
1140 3074
1140 2050
1140 2516
1141 2008
1141 1437
1141 2347
1142 2126
1142 2088
1142 2614
1142 1406
1143 3061
1143 2819
1143 3276
1143 2982
1144 2056
1144 2980
1144 2733
1144 2381
1145 1838
1145 2711
1145 2568
1146 3216
1146 2708
1146 1197
1146 1474
1146 1490
1147 2391
1147 1919
1147 1371
1147 1935
1148 1204
1148 2983
1149 1557
1149 1404
1150 1751
1150 2319
1151 2836
1151 1354
1151 2729
1151 1847
1152 2980
1152 1902
1152 2976
1152 2088
1153 2858
1153 1901
1153 3311
1153 1167
1154 3059
1154 1327
1154 2432
1154 2164
1155 2017
1155 1621
1155 1379
1156 1738
1156 2391
1157 2226
1157 2234
1157 1943
1158 1674
1158 2583
1158 2813
1158 1192
1158 2393
1159 1871
1159 2798
1159 2755
1159 2754
1159 2086
1160 2356
1160 1432
1160 2188
1160 2694
1161 2821
1161 1915
1161 2103
1161 1524
1161 1854
1162 2900
1162 2798
1162 2275
1162 3010
1162 3009
1163 1951
1163 1456
1163 1840
1163 2348
1163 2349
1164 1854
1164 1256
1164 2815
1164 2344
1165 1420
1165 2041
1165 2462
1165 1953
1165 3224
1166 1685
1166 1680
1166 1252
1166 2157
1166 1934
1167 1901
1167 1894
1167 2499
1168 3001
1168 1229
1168 1814
1168 2449
1169 2700
1169 1209
1169 2688
1170 3011
1170 1252
1170 1488
1170 1447
1170 2391
1171 1948
1171 1867
1171 3240
1171 2350
1172 3315
1172 2492
1172 2688
1172 2512
1173 2532
1173 2794
1173 1720
1173 2795
1173 2796
1174 1276
1174 1662
1174 2659
1174 3324
1175 1922
1175 2137
1175 1311
1175 1765
1176 2361
1176 2311
1176 2362
1176 2435
1176 2200
1177 1751
1177 3301
1177 3071
1177 1757
1178 1824
1178 2545
1178 1590
1178 3240
1179 2159
1179 2629
1179 2469
1179 1707
1180 1366
1180 2581
1180 2580
1181 2279
1181 1799
1181 2298
1182 2592
1182 1793
1182 1188
1182 1598
1183 2581
1183 1600
1183 1217
1184 2180
1184 2186
1184 1411
1184 3286
1184 2790
1185 1508
1185 2807
1185 3123
1186 3068
1186 1218
1186 1868
1187 3297
1187 2961
1187 2924
1188 1719
1188 3304
1188 2675
1188 2108
1189 2717
1189 2655
1189 2060
1189 1767
1189 2168
1190 3128
1190 2142
1190 2889
1190 1422
1190 1895
1191 1376
1191 1532
1191 1786
1191 2128
1192 3240
1192 2813
1192 1459
1192 2793
1192 2804
1193 1676
1193 2796
1193 2463
1193 1372
1193 1981
1193 2604
1194 2879
1194 3035
1194 3280
1195 2142
1195 1427
1195 2434
1195 1582
1196 1220
1196 1920
1196 2120
1196 1423
1196 1488
1196 1252
1197 1413
1197 2493
1197 1474
1197 1490
1197 2708
1198 2239
1198 2336
1198 2595
1198 2053
1198 1747
1198 2784
1199 1840
1199 1655
1199 1258
1199 3113
1200 1423
1200 1455
1200 2734
1201 2858
1201 1859
1201 1732
1201 2152
1201 2589
1202 1591
1202 2647
1202 2356
1202 2633
1203 2374
1203 3023
1203 2438
1204 1868
1204 2983
1204 2620
1204 3068
1205 3185
1205 2024
1205 1702
1205 1966
1205 3094
1206 2704
1206 2706
1206 2966
1206 2703
1207 1693
1207 2568
1208 1706
1208 3175
1208 2574
1208 2596
1209 1488
1209 3013
1209 1272
1210 2612
1210 2610
1211 2779
1211 2780
1211 3111
1211 1976
1212 2011
1212 2954
1212 2113
1212 1484
1213 1419
1213 1530
1213 2438
1214 1644
1214 2053
1214 2859
1214 2230
1215 1965
1215 2227
1215 2759
1215 1473
1215 3111
1216 2572
1216 1936
1217 2506
1217 1775
1217 2848
1218 1868
1218 3068
1219 2830
1219 2824
1219 3259
1220 1959
1220 1393
1220 1629
1220 1721
1220 2472
1220 2473
1221 2054
1221 3252
1221 3253
1222 2889
1222 2782
1223 1982
1223 1645
1223 3024
1223 2098
1224 2164
1224 3040
1224 2402
1224 1769
1225 1449
1225 3125
1226 3150
1226 2484
1227 1287
1227 1845
1227 2642
1228 1351
1228 3085
1228 2247
1228 2124
1228 3313
1229 2444
1229 2830
1229 2663
1229 2634
1229 3098
1230 3140
1230 2435
1230 1918
1230 2230
1231 2980
1231 2606
1231 2436
1231 2348
1231 2349
1231 2173
1232 3138
1232 1843
1232 2243
1232 2927
1232 2211
1233 2815
1233 2153
1233 1410
1234 1247
1234 3168
1234 2819
1234 1489
1234 2260
1235 3251
1235 1250
1236 2159
1237 1553
1237 1431
1238 1591
1238 2633
1238 2108
1238 2632
1239 2868
1239 3018
1239 1921
1240 1968
1240 2651
1240 1663
1241 2486
1241 2255
1241 1694
1242 1831
1242 1895
1242 1923
1243 1555
1243 3101
1244 2941
1244 3193
1245 2498
1246 2643
1246 1774
1246 2776
1247 1410
1247 2261
1247 1851
1247 3125
1248 2221
1248 3149
1249 1259
1249 1271
1249 2156
1249 2280
1250 3043
1250 2309
1250 2001
1251 2148
1251 2715
1251 3016
1251 1843
1251 2791
1252 3119
1252 1437
1252 3117
1252 1571
1252 3118
1253 2363
1253 2364
1253 2392
1254 2895
1254 2813
1254 1864
1254 1672
1254 2684
1254 2509
1255 2694
1255 1437
1255 2046
1255 2537
1255 1558
1255 2592
1256 2450
1256 2278
1256 1919
1257 1334
1257 3150
1257 3198
1257 2221
1258 3260
1258 3023
1258 1370
1258 1839
1258 1689
1259 3111
1259 2883
1259 2308
1259 2890
1259 2651
1259 2865
1260 1369
1260 2794
1260 3312
1261 2596
1261 1755
1261 2480
1262 1707
1262 1356
1262 2739
1263 2145
1263 2969
1263 1978
1264 1663
1264 3111
1264 2372
1264 2354
1265 2646
1265 2835
1265 2167
1265 2816
1265 2249
1266 1505
1266 3273
1266 2411
1267 2114
1267 3020
1267 1676
1267 2389
1267 1397
1268 1782
1268 2891
1268 1362
1268 1570
1269 1331
1269 2749
1270 3244
1270 1920
1271 1293
1271 2601
1271 1302
1271 1373
1272 2825
1272 1426
1272 3153
1272 3202
1273 1823
1273 2107
1273 1365
1273 3054
1273 2230
1274 2626
1274 2671
1274 1739
1275 2650
1275 2443
1276 1843
1276 1291
1277 2109
1277 1803
1277 2780
1277 2361
1278 2760
1278 2657
1278 1507
1278 2686
1279 1903
1279 2753
1279 2627
1279 1542
1279 2628
1280 2447
1280 3153
1280 3157
1280 1932
1281 3014
1281 1503
1281 2286
1281 2505
1282 2039
1282 2271
1282 2981
1282 1396
1282 2382
1282 1606
1283 2220
1283 1923
1283 1871
1283 1297
1283 1370
1284 2839
1284 2656
1284 3313
1285 3173
1285 1523
1285 3169
1285 3172
1285 3170
1286 2603
1286 2072
1286 3287
1286 2366
1286 1543
1287 2727
1287 1613
1287 2939
1287 2058
1288 2686
1288 3131
1288 3313
1288 1898
1289 2410
1289 1420
1289 2099
1290 2859
1290 1640
1290 2064
1290 1734
1290 2783
1291 2779
1291 2388
1291 1650
1291 2380
1291 3094
1292 1635
1292 3256
1293 2499
1293 2730
1293 2445
1293 2195
1293 3261
1294 3279
1294 2570
1294 2224
1294 2271
1294 2198
1294 2536
1295 3101
1296 2826
1296 2827
1296 2843
1296 1755
1296 2828
1297 1555
1297 1854
1297 2103
1298 2542
1298 3222
1298 2860
1299 1696
1299 2406
1300 1697
1301 1508
1301 2474
1301 2663
1301 1567
1301 2182
1301 2655
1302 1571
1302 2601
1302 1700
1303 3047
1304 2789
1304 1310
1304 2800
1304 3199
1305 1695
1305 2037
1305 3021
1305 2493
1306 2947
1306 1955
1306 1473
1306 3181
1306 3180
1307 1417
1307 1935
1307 1842
1307 1865
1307 2112
1308 1376
1308 3272
1308 1568
1309 2780
1309 1455
1310 3139
1310 1567
1310 1851
1310 3125
1311 1437
1312 2701
1312 2434
1312 3280
1312 2247
1313 1748
1313 2039
1313 3246
1313 1639
1313 1462
1314 2793
1314 2469
1314 3095
1314 3094
1315 3314
1315 2617
1316 3249
1317 2390
1317 2502
1317 2247
1317 2121
1317 1351
1318 3208
1318 3284
1318 2301
1318 1949
1319 3269
1319 1603
1319 2867
1319 2237
1320 1328
1320 1673
1320 1614
1320 2629
1321 1467
1321 2947
1321 1344
1321 2188
1321 1623
1322 3280
1322 2149
1322 1972
1322 3133
1323 2568
1323 1403
1324 1562
1324 2606
1324 1449
1325 2596
1325 3027
1325 2276
1326 2339
1326 3120
1326 2661
1326 1826
1326 2656
1327 2432
1327 2164
1327 1547
1328 2103
1328 3173
1328 3162
1328 2403
1329 2447
1329 1782
1329 1829
1329 1731
1329 2620
1330 3170
1330 3169
1330 3172
1330 3173
1331 2418
1331 2416
1332 2562
1332 2646
1332 2184
1332 2598
1333 3323
1333 3175
1333 2091
1333 1986
1333 2594
1334 2669
1334 3084
1334 2457
1335 1531
1335 2612
1335 2721
1335 2662
1335 3153
1336 1974
1336 2120
1337 2037
1337 1752
1337 1635
1337 1695
1338 3080
1338 1451
1338 2258
1339 3138
1339 1885
1340 3231
1340 1434
1340 3087
1340 2323
1340 2855
1341 2987
1341 2851
1341 1722
1341 1529
1341 2986
1342 1731
1342 2784
1342 3116
1342 2521
1343 2968
1343 2967
1343 2829
1343 1943
1344 2917
1344 1367
1344 2141
1344 2947
1345 2671
1345 1892
1345 2898
1345 3150
1346 2650
1346 2371
1346 2874
1347 3091
1347 2540
1348 2582
1348 2067
1348 1446
1348 2595
1349 2841
1349 2811
1349 1995
1349 1920
1350 2187
1350 1399
1350 2224
1350 2675
1351 1644
1351 3313
1351 2247
1351 2839
1352 3264
1352 1972
1352 2008
1352 3245
1353 1768
1353 1912
1353 3051
1353 2903
1354 2812
1354 2501
1354 2798
1354 3134
1355 3198
1356 1622
1356 2095
1356 1480
1356 2366
1357 1635
1357 1612
1358 3228
1358 1556
1358 3180
1358 2587
1358 3310
1359 1471
1359 3138
1359 2174
1359 1802
1359 2372
1360 1505
1360 2604
1360 2411
1361 2381
1361 2434
1362 1669
1362 2964
1362 1570
1362 2891
1363 2231
1363 2221
1363 1726
1364 1531
1364 3280
1364 1920
1364 3013
1364 1415
1365 1933
1365 2333
1365 1850
1365 3008
1365 1504
1366 2329
1366 2580
1366 3002
1367 2917
1367 2118
1367 2947
1368 2333
1368 1376
1368 2629
1368 1882
1369 3071
1369 3223
1369 3312
1369 1746
1369 2463
1370 2475
1370 2889
1370 1456
1371 2448
1371 1919
1371 1410
1372 2961
1372 2389
1372 1720
1372 2794
1372 2796
1373 2159
1373 1948
1373 2350
1374 2053
1374 2716
1374 2180
1374 2558
1374 1752
1375 3101
1375 1950
1375 2076
1375 1854
1375 2778
1376 2305
1376 1703
1376 2954
1376 3255
1377 3260
1377 2798
1377 2220
1377 2011
1378 2907
1378 2289
1378 1723
1378 2038
1379 2629
1379 2737
1380 2009
1380 2729
1380 2005
1381 1557
1381 2321
1381 2320
1381 2322
1382 3038
1382 1384
1382 3025
1382 1550
1383 1976
1383 1498
1383 2798
1383 3299
1384 2904
1384 3038
1385 1536
1385 2220
1385 2452
1386 1617
1386 2667
1386 3205
1386 1635
1386 2829
1387 1693
1387 1388
1387 2241
1388 1693
1388 1525
1388 1765
1388 2300
1389 3236
1389 2729
1389 2001
1389 2229
1389 1934
1390 3048
1390 2773
1390 2800
1390 2952
1391 2493
1391 2503
1391 2504
1391 2756
1392 2169
1392 2486
1392 2857
1392 1694
1393 1959
1393 1629
1393 2473
1393 2672
1393 1721
1394 3133
1394 1685
1394 2858
1394 2589
1395 1734
1395 2323
1395 1640
1395 2064
1396 2592
1396 2499
1396 2382
1397 3223
1397 2469
1397 2752
1398 1965
1398 1875
1398 1399
1399 1666
1399 2057
1400 2759
1400 2564
1400 2535
1401 1726
1401 1709
1401 1431
1402 2969
1402 2145
1402 2625
1402 1775
1402 1737
1403 1854
1403 2798
1404 1912
1404 1994
1405 3075
1405 2629
1405 2256
1406 3079
1406 2581
1406 2146
1406 1618
1407 3270
1407 1608
1407 2192
1408 2043
1408 3318
1408 3213
1408 3051
1409 3096
1409 3278
1410 1946
1410 2815
1410 2153
1411 3286
1411 2790
1411 2366
1412 2698
1413 2841
1413 2395
1413 2701
1414 2954
1415 3299
1415 2220
1416 2009
1417 2253
1418 3318
1418 2025
1418 2447
1419 2796
1419 2389
1419 3141
1419 1454
1420 3224
1420 2099
1421 2390
1421 2625
1421 2877
1421 2242
1422 2829
1422 1895
1423 2734
1423 1455
1424 2538
1424 2990
1424 3280
1424 2634
1426 1699
1426 3208
1426 3153
1427 2925
1427 2142
1427 3116
1427 1915
1428 2895
1428 1884
1428 3037
1428 1810
1429 2520
1429 1875
1429 1587
1430 2300
1430 1973
1430 1612
1430 2734
1431 1553
1431 3219
1432 3277
1432 2188
1433 1488
1433 3208
1433 2218
1433 3064
1433 3065
1434 1890
1434 2221
1434 3087
1435 2517
1435 2730
1436 1684
1436 2373
1436 2994
1436 1619
1437 1521
1437 2515
1437 2278
1438 3240
1438 2022
1438 1459
1439 1831
1439 1725
1439 2264
1440 2128
1440 2839
1440 2483
1440 3262
1440 2124
1441 2072
1441 1762
1441 1726
1441 2747
1442 1692
1442 1857
1442 2010
1443 2859
1443 2286
1443 2064
1443 1734
1443 2797
1444 2710
1444 3116
1445 2253
1445 3161
1445 3180
1445 2401
1446 1574
1447 2000
1447 2486
1447 2266
1448 3260
1448 3273
1448 1938
1448 2353
1449 2167
1449 2606
1449 2258
1449 1562
1449 2816
1450 1620
1450 2286
1450 2054
1451 3308
1451 2469
1451 2015
1451 3282
1452 2868
1452 2607
1453 2327
1454 3312
1454 1530
1454 2314
1454 1676
1455 2734
1456 1840
1456 1871
1456 1481
1456 2584
1456 2348
1457 2955
1457 2956
1457 2957
1457 2644
1457 2530
1458 1798
1458 2526
1458 2972
1458 3163
1459 3260
1460 1471
1460 2630
1460 3150
1460 1717
1460 2142
1460 2105
1461 2945
1461 2587
1461 2532
1461 2207
1461 1775
1461 2848
1462 1463
1462 2704
1462 3311
1462 3246
1462 2039
1463 2353
1463 2703
1464 2349
1464 2798
1464 1854
1464 2606
1464 1531
1465 2218
1465 1927
1465 3205
1465 2832
1465 2833
1466 2674
1466 1835
1467 2942
1468 1905
1468 1823
1468 1977
1468 3191
1468 2351
1469 2258
1469 2688
1470 2680
1470 2485
1470 1769
1470 2231
1470 2500
1471 2208
1472 2977
1472 3294
1472 2495
1472 1683
1473 2759
1473 2964
1473 1956
1473 1965
1474 2656
1474 2903
1474 2210
1474 1490
1475 2823
1475 3265
1475 2296
1475 1970
1475 3264
1476 2992
1476 1732
1476 2945
1477 2084
1477 3048
1478 2698
1478 2760
1479 1531
1479 2636
1479 2283
1479 3260
1480 1918
1480 2598
1480 1644
1480 2782
1481 2360
1481 2349
1481 1517
1482 2966
1482 2703
1482 2433
1482 1758
1482 1718
1483 1561
1483 3027
1484 2113
1484 2063
1485 2683
1485 2391
1485 3150
1485 2400
1486 2380
1486 2862
1486 1815
1486 1510
1487 2367
1487 1757
1487 3140
1487 2138
1487 1491
1488 1844
1489 1646
1489 2949
1489 2055
1489 1644
1489 1805
1490 1910
1490 1743
1491 2549
1491 2367
1491 3140
1491 2138
1492 2429
1492 1609
1492 3013
1492 1734
1493 2709
1493 1896
1493 2710
1493 1569
1495 3216
1495 2779
1495 1533
1496 3150
1496 2453
1496 1906
1496 3326
1497 1940
1497 1956
1497 2336
1498 3255
1498 2497
1498 3299
1499 1973
1499 3136
1499 3135
1500 2749
1500 2105
1501 1559
1501 1642
1502 2317
1502 1767
1502 2589
1502 2014
1502 2201
1503 1867
1503 2256
1503 1674
1504 2737
1504 3008
1504 3173
1504 1933
1505 2411
1506 2008
1506 3205
1506 2453
1506 2169
1506 3272
1507 2657
1507 2679
1507 3001
1507 2686
1508 3110
1508 2767
1509 3152
1509 1762
1509 3056
1509 3055
1510 2480
1510 1864
1510 1582
1511 1895
1511 3013
1511 2775
1511 2967
1512 2167
1512 1939
1512 2497
1512 3223
1512 2085
1513 3260
1513 2300
1514 2020
1514 2510
1514 2624
1514 3141
1515 2618
1515 3314
1515 2050
1516 1746
1516 2776
1516 2463
1516 2815
1517 2964
1517 1736
1517 2360
1518 2020
1518 2634
1518 3135
1519 2350
1519 3224
1519 2380
1519 3226
1519 1928
1520 1752
1520 2853
1520 1695
1520 3261
1520 2180
1521 2304
1521 2515
1522 1756
1522 2519
1523 3171
1523 3173
1523 3172
1523 3169
1523 3170
1524 2192
1524 2452
1524 3032
1524 1665
1525 1854
1526 3171
1526 2142
1527 2395
1527 2414
1528 3189
1528 3036
1529 2986
1529 1722
1529 2987
1530 3101
1531 2610
1531 3216
1532 2519
1532 2302
1533 2039
1533 1883
1533 2625
1534 2966
1534 2704
1534 2706
1535 1915
1536 2220
1536 2452
1537 3312
1537 1705
1537 1549
1537 2788
1538 2966
1538 2433
1538 2035
1539 1774
1539 3183
1539 3150
1539 3291
1539 2653
1540 2307
1540 1928
1540 2345
1541 2609
1541 3100
1542 2628
1542 1903
1543 3102
1543 2747
1543 2072
1543 2366
1545 2161
1545 2440
1545 1782
1545 3026
1546 2165
1546 2868
1547 1713
1547 2164
1547 2432
1547 3059
1548 2000
1548 2733
1548 3268
1548 3178
1548 2506
1549 2477
1549 1705
1549 1560
1550 1928
1550 1813
1550 3025
1551 2332
1551 1704
1551 2269
1552 2733
1552 2900
1552 2810
1553 2133
1553 3219
1554 2376
1554 1956
1554 2010
1555 2469
1555 3101
1557 2006
1557 2321
1557 2322
1557 2320
1558 1894
1558 1875
1558 1759
1559 2039
1560 2559
1560 1705
1560 2477
1560 2114
1561 2280
1561 2509
1561 1864
1562 2816
1562 2950
1562 2833
1562 2606
1563 3062
1563 2648
1563 3173
1563 2586
1564 1854
1564 2975
1564 2969
1565 1656
1565 1836
1566 1803
1566 2498
1566 2863
1567 1731
1567 3013
1567 2925
1567 2166
1567 2115
1568 2231
1568 2485
1568 2767
1568 1769
1569 1896
1569 2710
1570 1764
1570 2891
1571 3119
1571 3118
1571 3139
1571 3117
1572 3050
1572 3049
1573 2497
1573 2441
1573 3035
1573 1854
1574 2112
1574 2610
1574 2855
1575 1940
1575 1875
1575 2736
1575 2478
1576 2011
1576 2439
1576 2413
1576 1987
1577 1603
1578 1995
1578 3318
1578 1775
1578 2657
1579 2820
1579 1662
1580 2361
1580 2362
1581 1799
1581 3299
1581 1650
1582 2032
1582 2364
1582 1618
1583 1883
1583 2894
1583 3308
1583 2570
1584 2402
1584 2942
1584 2379
1585 2623
1585 2020
1585 2624
1586 1870
1586 3241
1586 2173
1586 1735
1586 2513
1587 2520
1587 1875
1588 3035
1588 2610
1588 2548
1589 3001
1589 2975
1589 2974
1590 2829
1590 1761
1591 2647
1591 2633
1591 2356
1592 2917
1592 1710
1592 3032
1593 2377
1593 2319
1593 1757
1593 1751
1594 1680
1594 1899
1594 1765
1594 2529
1595 3317
1595 1945
1595 2344
1595 3039
1595 3077
1596 3166
1596 2562
1596 2440
1597 1888
1597 2471
1597 2392
1598 2675
1598 2285
1598 2426
1598 2205
1599 2370
1599 2759
1599 2092
1600 2959
1600 2580
1600 2581
1601 1650
1601 2700
1602 3261
1602 3159
1602 1685
1603 2867
1603 2237
1603 3269
1604 2398
1604 1960
1604 3104
1604 2473
1605 2415
1605 2416
1605 1708
1606 3199
1606 2441
1606 2690
1607 2638
1607 3263
1607 2542
1607 2926
1608 2192
1608 1773
1609 2624
1609 2400
1609 2429
1610 3156
1610 1808
1610 3022
1610 2669
1611 3053
1611 2773
1611 3239
1611 2231
1611 1921
1611 2071
1612 2882
1612 2242
1612 2958
1612 2307
1612 2473
1613 2726
1613 2727
1614 1848
1614 2961
1614 2629
1614 1975
1615 2776
1615 2054
1615 2602
1616 2400
1616 3177
1616 2930
1616 3261
1616 1638
1617 2064
1617 2783
1618 2889
1619 1684
1619 2373
1619 2994
1620 1683
1620 2977
1620 3294
1621 2022
1621 2017
1622 3084
1622 3034
1622 3155
1622 2199
1623 2800
1623 1627
1623 2109
1624 2470
1624 2392
1624 3022
1625 1965
1625 1875
1625 1759
1625 1853
1626 2734
1626 2856
1626 1897
1626 2402
1627 3176
1627 1695
1627 2504
1627 3235
1627 1938
1628 1769
1628 2155
1628 3188
1629 1721
1629 2670
1629 2672
1629 1959
1630 2196
1630 2736
1630 2621
1630 2244
1631 2443
1631 2950
1631 2650
1632 2929
1633 1723
1633 3111
1634 2403
1634 2308
1634 2494
1634 2576
1636 2053
1636 2582
1636 2716
1636 1876
1637 3012
1638 2167
1639 1748
1639 2198
1640 2797
1640 2859
1640 1923
1640 1734
1640 3073
1642 2794
1642 3228
1642 2195
1642 3261
1643 3310
1643 2018
1643 3325
1643 1852
1644 1734
1644 1658
1644 2839
1644 2080
1645 2098
1646 2622
1646 3014
1646 2311
1646 3259
1647 2223
1647 1655
1647 2540
1647 2083
1648 2476
1648 2064
1648 2667
1649 2607
1649 2012
1649 1927
1649 2399
1650 3015
1650 2620
1650 3111
1651 2108
1651 3126
1651 2516
1651 3304
1652 2161
1652 1890
1652 2424
1652 3271
1653 2959
1653 2946
1653 2279
1653 1711
1654 3290
1654 2214
1655 2733
1655 2131
1656 2913
1656 2292
1657 2157
1657 1815
1657 1756
1657 2080
1658 2868
1658 2064
1658 2021
1659 3259
1659 1754
1659 3260
1659 2434
1660 2179
1661 1816
1661 2768
1661 2769
1661 1796
1661 2272
1662 3085
1662 1811
1663 1965
1664 2795
1664 1720
1664 2209
1664 3092
1664 3297
1665 2798
1665 1670
1666 2057
1667 2268
1667 2059
1667 2366
1667 3286
1668 2565
1668 1877
1669 3142
1669 1695
1669 2395
1669 1762
1669 3091
1670 2649
1670 1849
1671 1777
1671 2052
1671 2476
1671 1972
1672 2586
1672 2375
1672 3145
1673 1976
1673 3095
1673 3112
1673 3187
1673 2307
1674 2793
1674 2041
1674 1867
1675 2543
1675 1858
1676 3020
1676 2604
1676 2588
1677 1803
1677 3267
1677 1820
1678 2316
1678 1785
1679 3065
1679 2251
1679 2610
1679 1949
1679 1788
1680 2780
1680 1850
1680 2006
1681 1987
1681 2605
1681 2892
1681 1785
1682 2172
1682 2965
1683 2447
1683 3294
1684 2994
1684 2777
1685 3134
1685 2498
1686 1924
1686 2946
1687 2367
1687 2732
1687 2043
1687 1783
1688 1723
1688 3016
1688 2767
1689 2308
1689 3023
1689 1839
1689 2015
1689 2539
1690 1859
1690 2221
1691 2730
1691 1763
1692 2223
1694 2255
1695 2493
1695 3090
1695 2037
1695 3091
1696 2415
1696 2064
1696 3266
1696 3114
1696 2474
1697 1956
1697 2645
1698 2938
1698 1780
1698 3122
1699 3153
1699 3144
1699 2894
1700 2851
1700 1951
1700 2694
1700 2188
1700 2800
1701 1932
1701 2670
1702 1966
1702 3094
1702 1947
1702 1774
1702 1711
1703 2784
1703 2571
1704 2332
1704 2269
1705 2114
1706 1928
1706 2629
1706 2270
1707 3240
1707 2470
1708 2637
1708 2415
1709 1784
1709 1803
1709 1847
1710 2918
1710 2656
1710 2815
1710 1992
1710 2670
1711 3223
1711 1724
1711 1774
1712 1972
1712 3051
1712 2252
1712 2263
1712 3024
1713 2652
1713 3059
1713 3058
1714 2137
1714 1766
1714 3081
1714 1869
1715 2732
1715 2733
1715 3248
1715 1822
1715 3053
1716 2050
1716 2035
1716 3060
1716 2069
1717 2916
1717 2477
1717 2176
1717 2630
1718 2457
1718 2433
1718 2703
1719 2675
1719 2751
1720 2794
1720 2622
1720 2796
1720 2795
1721 2670
1721 2672
1721 2473
1721 2472
1722 1951
1722 2986
1722 2987
1722 2970
1723 2986
1725 2404
1725 2264
1726 2305
1726 2368
1726 1863
1726 3287
1727 3318
1728 2453
1728 1822
1728 3139
1728 3196
1729 2634
1729 2990
1729 2885
1730 1821
1730 2570
1730 3279
1731 2649
1731 2115
1731 2064
1732 2570
1732 2835
1732 2221
1732 2445
1733 2699
1733 1769
1733 2233
1733 3303
1734 2783
1734 2859
1734 2064
1735 3051
1735 2613
1735 2729
1736 2759
1736 2964
1736 2520
1736 2645
1737 2587
1737 1775
1737 2632
1738 2499
1738 2391
1739 1803
1739 1948
1739 1828
1740 2398
1740 2705
1741 2692
1742 1797
1742 2949
1742 2561
1743 2983
1743 3182
1744 2548
1744 1803
1744 3205
1744 2120
1746 3071
1746 2463
1746 3312
1747 3116
1747 2069
1747 1758
1748 2026
1748 2198
1749 2528
1749 2596
1749 2268
1749 1877
1749 2565
1750 2253
1750 2720
1750 3321
1751 1757
1751 2319
1752 2716
1753 3048
1753 2911
1754 2403
1754 2567
1754 3191
1754 2351
1755 2827
1755 2654
1756 2157
1756 2656
1757 2319
1758 3116
1758 2433
1758 2966
1759 1875
1759 2379
1760 2221
1760 3114
1760 1859
1761 2429
1761 2282
1761 1877
1762 2067
1762 2376
1763 3130
1763 1765
1763 2634
1763 2569
1764 2307
1764 2162
1764 2267
1765 3017
1765 2469
1765 2309
1766 2568
1766 3183
1766 2137
1767 3082
1767 2877
1767 2060
1767 2168
1768 2498
1768 1964
1769 2772
1769 2231
1769 2680
1769 2767
1770 3270
1770 2629
1770 1776
1771 2069
1771 2765
1771 1778
1771 3257
1771 2670
1772 3107
1772 2067
1772 2222
1773 2007
1773 1810
1773 2192
1774 2794
1774 1947
1774 3020
1775 1873
1775 2207
1775 2848
1775 2587
1776 2540
1777 3252
1777 3100
1777 2070
1778 2952
1778 3257
1778 1979
1779 3317
1779 2031
1780 2733
1780 1819
1781 2340
1781 2824
1781 2731
1781 1907
1781 2713
1781 2796
1782 2040
1782 3213
1782 2083
1783 2940
1783 3015
1783 2939
1783 2367
1784 1808
1784 2029
1784 2773
1784 2772
1784 2231
1785 2167
1785 2921
1785 3166
1785 2646
1786 2986
1787 2253
1787 2554
1787 2209
1787 2604
1787 2588
1788 2610
1788 1949
1788 2611
1788 2251
1789 2819
1789 2445
1789 2963
1791 3211
1791 1836
1792 1970
1792 3265
1793 2121
1793 2405
1793 2483
1794 2001
1795 3246
1795 1821
1796 2272
1796 2768
1796 2769
1796 1816
1797 2220
1797 2452
1797 3318
1798 2972
1798 3163
1798 2526
1799 2634
1799 2520
1799 2645
1799 3135
1799 1956
1799 3136
1800 3168
1800 3189
1800 2847
1801 2271
1801 2365
1801 3057
1801 3096
1801 2791
1802 2174
1802 3095
1803 3205
1804 2460
1804 2732
1804 2461
1804 2577
1805 1927
1805 2949
1805 1880
1806 2494
1806 3315
1806 2805
1806 2804
1807 2870
1807 2129
1807 2869
1807 2041
1807 2905
1808 3011
1809 2619
1809 3298
1810 2158
1810 3189
1810 3037
1811 2927
1812 1961
1812 3014
1813 3099
1813 2903
1813 2028
1814 3024
1814 2449
1815 2661
1815 2909
1815 2157
1815 2885
1816 2272
1816 2769
1816 2768
1817 2745
1817 2035
1817 1826
1817 2973
1818 2333
1818 2778
1818 3150
1818 2041
1820 2773
1820 2082
1820 2530
1820 1906
1820 1828
1821 2142
1821 2195
1821 1883
1822 2378
1822 3271
1822 3248
1822 2732
1823 2467
1823 2479
1824 1900
1824 2274
1824 2076
1824 2597
1825 2064
1825 2444
1826 2005
1826 2636
1827 3083
1827 2984
1827 2862
1827 2888
1827 2268
1827 2308
1828 2886
1828 2082
1829 2858
1829 2620
1831 2377
1832 2547
1832 3010
1832 2900
1832 3218
1833 2385
1833 2427
1833 3127
1834 2715
1834 2002
1834 2116
1835 2634
1835 2122
1835 2674
1836 2845
1836 2578
1837 1922
1837 2400
1837 3300
1838 2675
1838 2710
1838 2711
1838 2709
1838 1896
1838 2187
1839 1928
1839 2804
1839 3023
1840 2475
1840 2348
1840 2349
1841 2794
1841 1902
1841 2796
1842 1865
1842 2112
1843 2148
1843 1991
1844 2030
1844 2259
1844 2218
1845 2547
1845 2012
1845 2746
1846 2018
1846 2393
1846 2954
1847 3288
1847 1868
1847 2729
1848 2510
1848 2284
1848 2297
1849 3150
1849 3089
1850 2629
1850 2403
1850 2159
1850 2539
1851 3125
1852 2862
1852 3310
1852 3325
1852 2018
1853 1965
1854 2286
1854 2078
1854 3282
1854 2606
1855 1858
1856 1926
1856 2918
1856 2945
1856 2739
1857 1926
1857 3017
1857 2836
1857 2918
1857 3120
1858 2543
1858 2031
1859 2206
1859 2221
1860 2309
1860 2696
1860 2436
1861 2457
1861 3261
1861 2957
1861 2499
1861 2156
1862 3144
1862 2582
1863 3084
1863 2368
1864 2509
1866 2798
1866 2837
1866 3291
1866 2081
1866 2572
1867 2357
1867 2341
1867 2309
1868 3068
1870 2215
1870 2173
1871 3128
1871 2103
1871 2889
1872 2862
1872 2182
1872 2655
1873 2185
1873 2349
1873 2267
1874 2020
1874 2623
1874 2624
1875 2520
1876 2566
1877 2565
1878 2375
1878 2937
1879 2402
1879 2991
1879 2488
1880 2822
1880 3326
1880 3287
1881 1927
1882 2889
1882 2103
1883 2650
1883 2584
1883 3308
1884 2032
1885 1953
1885 3162
1886 2795
1886 2593
1887 2233
1887 2358
1887 2357
1887 2431
1888 2336
1889 3096
1889 2617
1889 2618
1889 2517
1890 2620
1890 2161
1890 2195
1890 1990
1890 2424
1891 2602
1892 2309
1892 2670
1893 1956
1893 2156
1893 2753
1894 2537
1894 2675
1894 1901
1895 2475
1895 2142
1895 3128
1896 3311
1896 2710
1896 2709
1896 2711
1897 2856
1898 2221
1898 1923
1898 2183
1899 3022
1899 2529
1899 2798
1900 2341
1900 2684
1900 3111
1902 2796
1903 2628
1903 3110
1904 2666
1905 2178
1905 1977
1906 3156
1907 2824
1907 2713
1907 2731
1908 3243
1908 3301
1908 3312
1908 3302
1909 3320
1909 2482
1910 2064
1911 2483
1911 2568
1912 1946
1912 1921
1912 2218
1913 3152
1914 2635
1914 3257
1914 2163
1914 3146
1915 3281
1916 2373
1917 2605
1917 2463
1917 2351
1918 2564
1918 2226
1918 2829
1918 1943
1918 2435
1919 2278
1919 3017
1920 2113
1921 2440
1921 2249
1921 2463
1922 3111
1922 2537
1922 2984
1922 3074
1923 2183
1923 2264
1923 2405
1924 2167
1924 3265
1925 1951
1925 2970
1926 3282
1926 3295
1926 3208
1926 2301
1926 2601
1927 2833
1928 2350
1928 2629
1929 2359
1930 2721
1930 3077
1931 3228
1931 2195
1931 3091
1931 2566
1932 3166
1932 1939
1932 2752
1932 3046
1933 2539
1933 3008
1934 2957
1934 2156
1934 3261
1934 2265
1935 3147
1936 3279
1936 2903
1936 3061
1937 2967
1937 2129
1938 1972
1939 2602
1939 3046
1940 2759
1940 2964
1940 2520
1941 2573
1941 2194
1941 2249
1941 2998
1942 2024
1942 2308
1942 3094
1942 3098
1943 2234
1943 2829
1943 2226
1944 2039
1944 2330
1944 2175
1945 2911
1945 2910
1945 2476
1945 2210
1946 2008
1946 3048
1946 2259
1946 2901
1947 1966
1948 2698
1948 2350
1948 2799
1949 3284
1949 3208
1949 3075
1950 2719
1950 2971
1950 3020
1950 3285
1951 2986
1951 2987
1951 2988
1952 3099
1952 2087
1952 2897
1953 3224
1953 2888
1953 2041
1955 3180
1955 2947
1955 3072
1956 2645
1956 2964
1957 2693
1957 2692
1957 2171
1957 3008
1958 2794
1958 2792
1958 2796
1959 2910
1959 2672
1959 2670
1960 2256
1961 3186
1961 2585
1961 3014
1961 2142
1962 3031
1962 2569
1962 2508
1963 2766
1963 2493
1963 2395
1963 2457
1964 2834
1964 2317
1964 2008
1965 2625
1966 3094
1966 2862
1966 2024
1967 3294
1967 2977
1968 3113
1968 3075
1968 2979
1969 3255
1969 2914
1969 3270
1969 2012
1970 3265
1971 2233
1971 2442
1971 2687
1972 2296
1972 2412
1972 2858
1973 2783
1973 2775
1974 3313
1975 2984
1975 2410
1976 3299
1976 2175
1976 2364
1978 2670
1978 3121
1979 2035
1980 2364
1980 2242
1980 3053
1981 3020
1982 2729
1983 2367
1983 2549
1983 2288
1983 3152
1983 2225
1983 2541
1984 2449
1984 2111
1984 2989
1984 2990
1985 2532
1985 2789
1985 2221
1986 2678
1986 2638
1986 2594
1987 2413
1987 2439
1987 2605
1988 3127
1988 2408
1988 2263
1989 2057
1989 3027
1990 2633
1990 2161
1990 2424
1992 3282
1992 2185
1992 3139
1993 3135
1994 2798
1994 2107
1995 2868
1995 2316
1995 2528
1996 3083
1996 2670
1996 2362
1996 2183
1997 2985
1997 2965
1998 3272
1998 3323
1998 2446
1999 2433
1999 2495
1999 2212
2000 2331
2000 3291
2000 2566
2000 3178
2000 2915
2001 2941
2002 2663
2002 2128
2003 2248
2003 3070
2004 3117
2004 2251
2004 3143
2005 3288
2005 3216
2005 2464
2006 3129
2006 2043
2006 2945
2007 3270
2007 2540
2007 2937
2008 2982
2008 2498
2010 3044
2011 3002
2012 2746
2013 2797
2014 2374
2014 2712
2014 2201
2014 3243
2015 2309
2015 2469
2016 2569
2017 2511
2018 3068
2018 3310
2018 3325
2019 3162
2019 2123
2019 3124
2020 2624
2020 2623
2021 2064
2021 2782
2022 3312
2023 2282
2023 2785
2024 2416
2024 3202
2024 3258
2024 2182
2024 2862
2025 3166
2025 3318
2026 3310
2026 3279
2027 2912
2027 3048
2028 3216
2029 2773
2029 2364
2029 2772
2029 2231
2029 2908
2030 2496
2030 3202
2030 3217
2031 2543
2031 2315
2032 2910
2032 2392
2032 2803
2033 2327
2033 2400
2033 3267
2034 3047
2034 2066
2034 2059
2035 2721
2035 2498
2035 2269
2036 2326
2036 2120
2036 2410
2036 2270
2037 2680
2037 2493
2037 3091
2038 2907
2038 2289
2039 3311
2039 3246
2040 2130
2040 2318
2041 2479
2041 2462
2041 3224
2042 2169
2042 3248
2043 2135
2044 2491
2045 2914
2046 2792
2046 2118
2047 2396
2047 2991
2047 2664
2048 2283
2048 2559
2048 3311
2049 3313
2050 3314
2051 2465
2053 2435
2053 2782
2053 3014
2053 2064
2054 3253
2054 3252
2055 3116
2055 3211
2055 2080
2056 2381
2056 2376
2056 3243
2058 2727
2058 2939
2058 3007
2059 2278
2059 2391
2060 3082
2060 2877
2060 2168
2061 2782
2061 2392
2061 2270
2062 2142
2062 2256
2062 2103
2063 2622
2063 2113
2064 2115
2064 2859
2064 2783
2065 2501
2066 2154
2067 2195
2067 3107
2067 3106
2068 2392
2068 2291
2068 2684
2068 2894
2070 2930
2071 2453
2071 3239
2072 2669
2072 2366
2073 2108
2073 3150
2073 2356
2073 3126
2074 2297
2074 2438
2075 3097
2076 2924
2076 2508
2076 3247
2077 2473
2078 2359
2078 2798
2079 2353
2079 2446
2079 2342
2080 2868
2082 2886
2082 2899
2082 2957
2084 2902
2084 2928
2084 2133
2085 2646
2085 2796
2085 2973
2085 2167
2086 2258
2086 2755
2086 2754
2087 2290
2088 2614
2088 2126
2089 2641
2089 2640
2089 2678
2090 2429
2090 2949
2090 2561
2091 2298
2091 2681
2091 2107
2091 3175
2092 2696
2092 2723
2093 2698
2093 2107
2093 2782
2094 2978
2094 2191
2094 2397
2094 2975
2094 2541
2095 3326
2096 3182
2096 2128
2096 2776
2097 2823
2097 2435
2097 2775
2097 2967
2097 2829
2100 3046
2100 2189
2100 2921
2101 3311
2101 2229
2101 2336
2101 2633
2102 2443
2102 3150
2102 2632
2102 2224
2103 2142
2103 2889
2103 2208
2104 2477
2104 2169
2104 3276
2105 3145
2106 2552
2106 2319
2107 2866
2107 2698
2108 2809
2108 3126
2109 3151
2109 2317
2109 2800
2109 2188
2110 2520
2111 2990
2111 2989
2112 3317
2114 2559
2114 2477
2115 2925
2115 2783
2115 2490
2116 2886
2116 2622
2116 2321
2116 2226
2117 2892
2117 2734
2118 3308
2118 2796
2119 2802
2119 2801
2119 2235
2120 3217
2120 2345
2120 2973
2121 2247
2121 2390
2122 2719
2122 2829
2122 2663
2123 3008
2123 3202
2123 2291
2124 3262
2124 2226
2124 2483
2126 2776
2126 2643
2127 2841
2128 2782
2128 2667
2128 2571
2128 2174
2129 2904
2129 2905
2130 2851
2130 3254
2131 2856
2131 2889
2132 3051
2132 2631
2132 2899
2133 2929
2134 3216
2134 2918
2135 2693
2135 2692
2136 2584
2136 2505
2137 3318
2137 2568
2137 2992
2138 2180
2138 2367
2138 3140
2139 3150
2139 2239
2139 2744
2140 2541
2140 2548
2141 2947
2141 2854
2142 2434
2142 2208
2143 3181
2143 2800
2143 3035
2144 2204
2144 2250
2145 2841
2145 2969
2147 3176
2147 3209
2147 2421
2148 2398
2148 2374
2148 3262
2149 2327
2149 2789
2151 3075
2151 2821
2152 2962
2152 3127
2153 2814
2153 2903
2153 3294
2154 3046
2154 2921
2154 3215
2155 3084
2155 3188
2156 2457
2156 2957
2156 3261
2156 2265
2156 2499
2157 2263
2157 2179
2157 2656
2157 2661
2158 2337
2158 2760
2159 2895
2159 2629
2160 2722
2160 2568
2160 2567
2160 2909
2161 2424
2162 2582
2163 2357
2163 2901
2164 3058
2164 3059
2164 2432
2165 2752
2165 2783
2166 2597
2166 2925
2167 3166
2167 2921
2167 2973
2167 2646
2168 2782
2168 2242
2168 2390
2169 2255
2170 2703
2170 2702
2171 2925
2173 2513
2173 2798
2173 2348
2173 2349
2175 3072
2176 3151
2176 2991
2176 2630
2177 2920
2177 2441
2177 3296
2177 2497
2178 2469
2178 3240
2178 3191
2179 2722
2179 3041
2180 2567
2180 3140
2181 2649
2181 3289
2182 2655
2182 2870
2182 2869
2183 3100
2183 2185
2184 3294
2184 2286
2184 2977
2185 2203
2185 2190
2185 2833
2185 2800
2186 3106
2186 2693
2186 2790
2187 2675
2187 2224
2188 2694
2189 2921
2189 3215
2189 3046
2190 2391
2190 2840
2191 2482
2191 2497
2192 3270
2193 2445
2193 3134
2193 2742
2194 2756
2195 3091
2195 2566
2195 3235
2196 2244
2196 2217
2196 2621
2197 2634
2197 2857
2197 3050
2199 2319
2199 2377
2200 2361
2200 2311
2200 2362
2200 2435
2201 2558
2201 2853
2202 3249
2202 3210
2202 2550
2204 2268
2204 3000
2205 2675
2205 3027
2205 2426
2205 2427
2205 2592
2206 2870
2206 2869
2207 3207
2207 2532
2207 2587
2208 3128
2208 2889
2209 2604
2209 2554
2209 2555
2209 2588
2210 3317
2210 3039
2210 2911
2210 2448
2211 2639
2211 2927
2211 2926
2212 2771
2213 2541
2213 2549
2213 3081
2214 3290
2215 2437
2215 3284
2215 2918
2216 2291
2216 3008
2217 2736
2217 2621
2217 2244
2218 3317
2218 2482
2219 2584
2219 3080
2219 2795
2220 2452
2221 2681
2221 3198
2222 2570
2224 2324
2224 2675
2225 3152
2225 3140
2225 2549
2225 2367
2226 2435
2226 2829
2226 2234
2227 3083
2228 2372
2228 2698
2229 3316
2229 2625
2229 3074
2231 2767
2231 2773
2232 3018
2232 2780
2232 3052
2233 2357
2233 2442
2236 3177
2236 3019
2237 3269
2237 2867
2238 2810
2238 2600
2238 3289
2239 2632
2239 2711
2239 2784
2239 2383
2240 2252
2240 2729
2240 3232
2241 2811
2241 2627
2241 2941
2242 2717
2242 2882
2242 2877
2243 2848
2244 2736
2244 2621
2245 2335
2245 2945
2246 2544
2248 2456
2248 2942
2248 2667
2249 2646
2249 2973
2249 3166
2251 2270
2252 3231
2252 3232
2253 2796
2253 2961
2253 2554
2254 3093
2255 3223
2256 2881
2257 3116
2257 2663
2257 3086
2258 3318
2258 3157
2259 2278
2261 2463
2262 2965
2264 2405
2264 2404
2265 3261
2265 3236
2265 2644
2266 3010
2266 2721
2267 2374
2268 2651
2268 3037
2268 2904
2269 2332
2270 2326
2271 2427
2271 3268
2272 2768
2272 2769
2273 3111
2273 2469
2273 2875
2275 3009
2275 2359
2276 3206
2276 3161
2276 2291
2277 2655
2278 2295
2278 2450
2279 2641
2279 3135
2280 2962
2280 3261
2281 2571
2281 2650
2282 2785
2283 2604
2283 3215
2283 2559
2284 2511
2284 2510
2284 2297
2285 2571
2285 2372
2285 2344
2286 2965
2286 2797
2287 2532
2287 2587
2287 2848
2288 2367
2288 3152
2288 2541
2288 2549
2289 2944
2289 2907
2290 2621
2291 2393
2291 2780
2291 3000
2292 2913
2292 2844
2293 2718
2293 2887
2294 2509
2294 2904
2294 2359
2295 3118
2296 2835
2297 2624
2297 2510
2298 3135
2298 3136
2299 2519
2300 2610
2300 3265
2300 2307
2301 3208
2301 2918
2301 3295
2303 3083
2304 2613
2307 3149
2307 3112
2308 2865
2308 2698
2309 2334
2309 2333
2309 2780
2310 3246
2310 2941
2310 3261
2310 3083
2311 2362
2311 2435
2312 3318
2312 2888
2312 2315
2313 2475
2313 3014
2314 2588
2314 2741
2316 2657
2317 2851
2318 3029
2318 3245
2320 3267
2320 2321
2320 2322
2321 2322
2323 2888
2325 2583
2326 2620
2326 2629
2326 3213
2327 2391
2327 3026
2328 2555
2328 2329
2329 2614
2329 2613
2330 3269
2331 3178
2331 2915
2332 2745
2333 3240
2333 3167
2333 2403
2333 2334
2334 3008
2334 2538
2334 3167
2335 3018
2335 2945
2336 2633
2337 2498
2337 2430
2337 2721
2338 2340
2338 2604
2338 2554
2339 2740
2339 2950
2339 2734
2340 2796
2340 3020
2341 2780
2341 2875
2342 2804
2342 3045
2342 3145
2345 3318
2346 2680
2346 2661
2347 2835
2348 2475
2348 2349
2349 2475
2350 3240
2350 2804
2351 3191
2353 2776
2353 2605
2353 3187
2354 2372
2355 2592
2355 2537
2355 3097
2355 2456
2356 3126
2356 2633
2357 2778
2357 2358
2357 2431
2358 2372
2358 2431
2360 2964
2361 2362
2363 2803
2363 3164
2364 3232
2365 2517
2365 3279
2365 2526
2366 3286
2367 2541
2367 2549
2367 3152
2369 2392
2369 3128
2370 2533
2370 3144
2370 2393
2371 2389
2371 2874
2373 2777
2373 2994
2374 3215
2375 2937
2376 3232
2376 3049
2377 3054
2378 3006
2379 2942
2380 2534
2381 2980
2381 2395
2383 3216
2383 2562
2384 2457
2384 3311
2385 3213
2387 3097
2387 2919
2388 2389
2389 2593
2390 2502
2390 3308
2392 2803
2392 2510
2393 3061
2394 2981
2394 3258
2394 2458
2394 2395
2394 2884
2395 2568
2395 2981
2396 2664
2396 2991
2397 2597
2397 2869
2397 2870
2397 2599
2398 2887
2399 2990
2400 3111
2400 3150
2401 2623
2403 2494
2404 2405
2407 3326
2408 2592
2409 2778
2409 3260
2410 2540
2412 2792
2413 2605
2413 2439
2414 3311
2416 2418
2417 2826
2417 2571
2418 2783
2419 3162
2419 3182
2419 2684
2420 2422
2420 2558
2420 3090
2420 3028
2421 2989
2421 2444
2422 2558
2422 3028
2423 3090
2423 3124
2424 2733
2425 3184
2426 3027
2426 2592
2426 2427
2427 2675
2427 2592
2427 3027
2428 2557
2429 2949
2429 3150
2430 2656
2431 2905
2432 3059
2434 3128
2434 2889
2435 2829
2436 2766
2437 3200
2437 2945
2439 2605
2440 3318
2440 2977
2441 2920
2441 2497
2442 2904
2442 2687
2443 2933
2443 2783
2443 2650
2444 3098
2444 2650
2444 2649
2444 2474
2445 3261
2446 3014
2447 3318
2448 2910
2448 2911
2448 3317
2449 2663
2450 3099
2451 2740
2453 3113
2453 3272
2454 3288
2457 3150
2457 2592
2458 3176
2458 2493
2459 3140
2459 2461
2459 2633
2460 2461
2460 2732
2462 3224
2463 3312
2464 2730
2464 3120
2464 2930
2465 3278
2465 2935
2466 2586
2467 2545
2467 2479
2467 3240
2468 3267
2468 3124
2468 2612
2471 3216
2471 2858
2471 2709
2472 2473
2472 2670
2474 3114
2475 3116
2476 3231
2477 2559
2478 2707
2479 3145
2481 2839
2481 2596
2481 2571
2482 3152
2482 2673
2483 3262
2484 3173
2484 3169
2484 3171
2485 2773
2485 2767
2485 2772
2486 3221
2487 2546
2488 2638
2489 3326
2490 2925
2490 2681
2491 2947
2491 2748
2492 2579
2492 2512
2493 3091
2494 2576
2495 2845
2496 2913
2497 2920
2497 3296
2498 3261
2499 3261
2500 2767
2501 2789
2501 3134
2501 2812
2502 2941
2503 3215
2503 2504
2503 2620
2504 3051
2504 3235
2505 2869
2505 2870
2506 2587
2507 2895
2507 2782
2509 2684
2512 2929
2512 2551
2513 3241
2515 2905
2515 2911
2516 3314
2516 3304
2517 2962
2517 2617
2517 2618
2518 2875
2518 2906
2520 2964
2520 3308
2521 2936
2522 2786
2522 2523
2522 2650
2524 2726
2524 2727
2524 3007
2524 3102
2525 2782
2526 3163
2526 2972
2528 2815
2530 2670
2530 3024
2531 3252
2532 3274
2532 2587
2533 2810
2534 3183
2534 3166
2535 3181
2537 2851
2537 2592
2537 2694
2538 3167
2538 2611
2539 2629
2540 2889
2540 2906
2540 2654
2541 3152
2541 2549
2542 2625
2545 2806
2545 3240
2546 2632
2546 2638
2548 3084
2549 3152
2550 2939
2550 2948
2550 3249
2551 2619
2552 2875
2552 2752
2552 2984
2553 3326
2554 2559
2554 2604
2555 3301
2555 2588
2556 2690
2558 3193
2558 3090
2558 3028
2559 2604
2560 2740
2560 2901
2561 2869
2561 2949
2562 3294
2563 3116
2563 3278
2564 2829
2566 3175
2566 3178
2566 3028
2567 3068
2567 2568
2568 2766
2569 2886
2570 3096
2570 2587
2570 2589
2572 3021
2573 3176
2573 3043
2574 2924
2574 2915
2575 3081
2576 2905
2576 3233
2578 2845
2579 3206
2580 2581
2581 2959
2582 3144
2583 2724
2583 2813
2584 2798
2585 2784
2587 2848
2587 2751
2588 2604
2589 2903
2589 3261
2590 2973
2591 2947
2592 3027
2592 2675
2594 3256
2595 2739
2596 2842
2596 2650
2596 2827
2596 2826
2597 2625
2598 3281
2599 3300
2600 3289
2602 2977
2603 3286
2603 3287
2606 2816
2608 3294
2609 3241
2609 2945
2610 3065
2610 3139
2610 2611
2612 3065
2613 3288
2613 2614
2614 3025
2615 3090
2615 2996
2616 2977
2616 2712
2617 2618
2619 3298
2621 2736
2622 2795
2622 2846
2623 2624
2625 2634
2626 3180
2626 2894
2627 2628
2628 3175
2631 3010
2631 2903
2633 2647
2634 2990
2635 3074
2635 2833
2636 2745
2639 2927
2640 3263
2640 3055
2640 2641
2642 2669
2643 2776
2644 2955
2644 2957
2646 2672
2646 2973
2648 2900
2648 2899
2649 3098
2649 2650
2649 3014
2650 3098
2650 2783
2651 2904
2651 2984
2652 2687
2653 2829
2653 3291
2654 2889
2654 2827
2654 2828
2655 2853
2656 2661
2657 2945
2657 2686
2658 2719
2660 3255
2660 2853
2663 2829
2664 2991
2667 2782
2668 2846
2668 3086
2669 3287
2669 2929
2670 2672
2671 3255
2673 3017
2673 2901
2676 2735
2676 2707
2676 2900
2677 2831
2679 2868
2679 2686
2680 2767
2680 2766
2682 3326
2685 3034
2686 2764
2687 3094
2689 3011
2689 3168
2690 2738
2691 2738
2692 2693
2696 3295
2697 2905
2698 3185
2699 3110
2701 3111
2702 3311
2703 2704
2703 2966
2704 2966
2705 2706
2706 2966
2709 3311
2709 2711
2709 2710
2712 2992
2713 2824
2713 2731
2717 2821
2717 2823
2718 2887
2718 2719
2719 2887
2719 2720
2721 3060
2722 3204
2722 2743
2722 3139
2723 3153
2723 3008
2725 3110
2726 2939
2726 2727
2727 3102
2727 3007
2728 3111
2728 3316
2731 3139
2731 3252
2732 3271
2732 3248
2732 2733
2733 3248
2737 2738
2737 2895
2737 2887
2738 3138
2739 2918
2740 2741
2743 2744
2744 3200
2746 3272
2747 2866
2747 3287
2748 2900
2750 3077
2750 2792
2750 3120
2751 3304
2752 3046
2752 2921
2754 3095
2754 2755
2757 2990
2757 3191
2758 3179
2759 2964
2760 3225
2761 2762
2761 3200
2762 2940
2762 2999
2763 3192
2764 3083
2768 2769
2770 2771
2771 2845
2772 2773
2772 3272
2773 3272
2774 2967
2774 2775
2775 2829
2775 2967
2777 2994
2779 2780
2780 3111
2781 3326
2782 2859
2783 2859
2786 2821
2786 2868
2786 3098
2786 3014
2787 2938
2787 2788
2788 3071
2788 2938
2789 3019
2790 3286
2791 2944
2793 2796
2793 2961
2794 2795
2794 2796
2795 3297
2795 2796
2798 3128
2798 2980
2801 2896
2801 3095
2801 2802
2802 2896
2803 2904
2804 2813
2806 2807
2807 3005
2809 3126
2809 2810
2810 3274
2812 2945
2813 3240
2816 2973
2818 3147
2818 3035
2819 3282
2819 2963
2819 3202
2820 3324
2821 3086
2821 2991
2822 3251
2826 2827
2828 2842
2828 2843
2829 2967
2830 3098
2831 3156
2832 2833
2833 2950
2834 2955
2834 2956
2834 3082
2836 2918
2837 3183
2840 3050
2841 2892
2841 3202
2842 2843
2844 2913
2848 2924
2849 3186
2849 3243
2849 2850
2852 2919
2852 3254
2854 2917
2854 2947
2855 3087
2857 3132
2860 3222
2861 3240
2862 2904
2863 3246
2864 3176
2865 2904
2867 3269
2868 2869
2868 2870
2869 2870
2872 2873
2873 3288
2876 3148
2879 3009
2884 3302
2884 3301
2889 3128
2891 3234
2891 3228
2893 2942
2893 3308
2894 3144
2896 3111
2898 3313
2899 2903
2899 2900
2900 2903
2900 3051
2901 3094
2903 3051
2904 3144
2907 2944
2909 3232
2910 3317
2911 3317
2912 3081
2914 2915
2915 3178
2916 3265
2917 2947
2918 3282
2919 3097
2920 3253
2921 3166
2921 3215
2921 3046
2922 3283
2923 3180
2927 3169
2929 3326
2930 3120
2930 3221
2931 2952
2934 2935
2938 3122
2940 3015
2942 3308
2946 2959
2948 3272
2949 3150
2953 3326
2955 2957
2955 2956
2956 2957
2957 3177
2957 3261
2962 3121
2965 2980
2970 2986
2970 2987
2971 3297
2972 3163
2973 3217
2974 3093
2976 3078
2977 3294
2985 2987
2985 2986
2986 2987
2987 2988
2989 2990
2992 3254
2996 3249
2996 2997
2996 3209
2999 3246
2999 3149
3000 3117
3003 3139
3003 3284
3003 3005
3004 3045
3004 3284
3004 3005
3005 3103
3005 3284
3005 3196
3006 3197
3007 3102
3008 3222
3009 3010
3011 3231
3012 3208
3012 3282
3013 3115
3014 3086
3014 3098
3015 3219
3019 3159
3022 3155
3022 3050
3029 3218
3031 3311
3036 3203
3038 3155
3039 3317
3041 3308
3042 3326
3043 3202
3044 3187
3045 3187
3047 3294
3048 3147
3048 3216
3049 3050
3050 3231
3053 3248
3054 3180
3055 3056
3057 3059
3057 3058
3058 3059
3062 3099
3063 3326
3064 3065
3064 3094
3064 3225
3069 3217
3071 3312
3072 3180
3075 3282
3075 3208
3076 3116
3078 3311
3079 3311
3080 3150
3081 3265
3082 3236
3084 3261
3086 3115
3088 3107
3090 3176
3092 3297
3094 3095
3097 3254
3102 3103
3105 3232
3106 3107
3106 3113
3109 3193
3109 3110
3109 3132
3109 3130
3112 3187
3113 3205
3113 3251
3114 3266
3117 3119
3117 3118
3118 3119
3123 3260
3123 3151
3124 3175
3126 3314
3126 3127
3127 3134
3130 3131
3130 3313
3131 3313
3132 3216
3133 3134
3134 3310
3135 3136
3139 3244
3143 3280
3146 3148
3146 3147
3147 3148
3151 3279
3154 3288
3155 3273
3155 3240
3156 3287
3156 3251
3157 3288
3159 3161
3162 3173
3165 3166
3166 3223
3166 3318
3167 3168
3169 3171
3169 3173
3169 3172
3169 3170
3170 3171
3170 3172
3171 3172
3171 3173
3172 3173
3174 3303
3176 3177
3177 3261
3180 3181
3182 3261
3184 3202
3191 3240
3194 3197
3197 3228
3197 3236
3197 3234
3199 3279
3200 3201
3206 3216
3208 3284
3210 3326
3212 3326
3214 3326
3215 3288
3216 3288
3218 3299
3227 3242
3228 3234
3228 3236
3229 3230
3231 3232
3233 3287
3234 3235
3234 3236
3235 3236
3239 3313
3247 3260
3248 3271
3250 3326
3252 3253
3264 3265
3292 3326
3301 3302
3302 3312
3305 3326
3306 3326
3309 3326
3319 3320
3322 3323
